#    time = 3.515625,       r = 80.000000
#      theta         phi            Weyl4_Re            Weyl4_Im
   0.0000000   0.0000000   -1.4806446556e-07   -2.1611849854e-07
   0.0000000   0.5235988   -1.4806446556e-07   -2.1611849854e-07
   0.0000000   1.0471976   -1.4806446556e-07   -2.1611849854e-07
   0.0000000   1.5707963   -1.4806446556e-07   -2.1611849854e-07
   0.0000000   2.0943951   -1.4806446556e-07   -2.1611849854e-07
   0.0000000   2.6179939   -1.4806446556e-07   -2.1611849854e-07
   0.0000000   3.1415927   -1.4806446556e-07   -2.1611849854e-07
   0.0000000   3.6651914   -1.4806446556e-07   -2.1611849854e-07
   0.0000000   4.1887902   -1.4806446556e-07   -2.1611849854e-07
   0.0000000   4.7123890   -1.4806446556e-07   -2.1611849854e-07
   0.0000000   5.2359878   -1.4806446556e-07   -2.1611849854e-07
   0.0000000   5.7595865   -1.4806446556e-07   -2.1611849854e-07
   0.1745329   0.0000000    3.3106398921e-07    1.4696897137e-09
   0.1745329   0.5235988    2.1026097246e-07    3.5020765160e-07
   0.1745329   1.0471976   -2.3395220081e-07    4.0816611917e-07
   0.1745329   1.5707963   -4.9544435873e-07   -6.4104632444e-10
   0.1745329   2.0943951   -2.3446731418e-07   -4.0989221910e-07
   0.1745329   2.6179939    2.1064455600e-07   -3.4957719018e-07
   0.1745329   3.1415927    3.3133967839e-07   -1.1432605921e-09
   0.1745329   3.6651914    1.4299527317e-07    2.3391650849e-07
   0.1745329   4.1887902   -1.1813538951e-07    2.0665530407e-07
   0.1745329   4.7123890   -2.2246642307e-07    3.7872556207e-10
   0.1745329   5.2359878   -1.1784776134e-07   -2.0553192160e-07
   0.1745329   5.7595865    1.4283748620e-07   -2.3417066450e-07
   0.3490659   0.0000000    3.3251227974e-07    1.3818514981e-10
   0.3490659   0.5235988    2.6948888114e-07    4.1408658149e-07
   0.3490659   1.0471976   -3.0265331057e-07    5.9742438690e-07
   0.3490659   1.5707963   -7.5200287406e-07   -8.1090575100e-11
   0.3490659   2.0943951   -3.0291556906e-07   -5.9713378449e-07
   0.3490659   2.6179939    2.6944317840e-07   -4.1405295631e-07
   0.3490659   3.1415927    3.3251376020e-07   -1.3670231525e-10
   0.3490659   3.6651914    1.2257621908e-07    1.8839961126e-07
   0.3490659   4.1887902   -7.5569072620e-08    1.4883486739e-07
   0.3490659   4.7123890   -1.4890507074e-07    1.5253791495e-11
   0.3490659   5.2359878   -7.5508545258e-08   -1.4890421766e-07
   0.3490659   5.7595865    1.2259695710e-07   -1.8841427433e-07
   0.5235988   0.0000000    3.3259342823e-07    2.8446266721e-11
   0.5235988   0.5235988    3.5843817904e-07    4.7789862647e-07
   0.5235988   1.0471976   -3.6912714314e-07    8.8526130428e-07
   0.5235988   1.5707963   -1.1615718179e-06   -3.0071058925e-11
   0.5235988   2.0943951   -3.6900818117e-07   -8.8533135878e-07
   0.5235988   2.6179939    3.5842889379e-07   -4.7787361203e-07
   0.5235988   3.1415927    3.3259345733e-07   -2.8457506662e-11
   0.5235988   3.6651914    1.1198470940e-07    1.4927917697e-07
   0.5235988   4.1887902   -4.5283217919e-08    1.0857605985e-07
   0.5235988   4.7123890   -9.7538973446e-08    1.9689889008e-12
   0.5235988   5.2359878   -4.5294804991e-08   -1.0856852792e-07
   0.5235988   5.7595865    1.1198731944e-07   -1.4928608435e-07
   0.6981317   0.0000000    3.3260077257e-07    3.1256232173e-12
   0.6981317   0.5235988    4.8013864311e-07    5.2795107488e-07
   0.6981317   1.0471976   -3.8080060752e-07    1.3279932589e-06
   0.6981317   1.5707963   -1.8449703710e-06   -2.6191411768e-11
   0.6981317   2.0943951   -3.8079017283e-07   -1.3280165975e-06
   0.6981317   2.6179939    4.8013879999e-07   -5.2794670211e-07
   0.6981317   3.1415927    3.3260087846e-07   -3.1181392827e-12
   0.6981317   3.6651914    1.0552556636e-07    1.1604671173e-07
   0.6981317   4.1887902   -2.2689046152e-08    7.9097172025e-08
   0.6981317   4.7123890   -6.1638761721e-08    4.8495173838e-13
   0.6981317   5.2359878   -2.2689301933e-08   -7.9096293413e-08
   0.6981317   5.7595865    1.0552554242e-07   -1.1604742302e-07
   0.8726646   0.0000000    3.3259867066e-07   -5.7817775574e-12
   0.8726646   0.5235988    6.3480268527e-07    5.4636742279e-07
   0.8726646   1.0471976   -2.1298049065e-07    1.9777457777e-06
   0.8726646   1.5707963   -3.0312637155e-06   -4.4772632983e-11
   0.8726646   2.0943951   -2.1299002681e-07   -1.9777683421e-06
   0.8726646   2.6179939    6.3478935078e-07   -5.4635427756e-07
   0.8726646   3.1415927    3.3259820168e-07    5.7794962974e-12
   0.8726646   3.6651914    1.0170647198e-07    8.7555469977e-08
   0.8726646   4.1887902   -6.1201643258e-09    5.6779482308e-08
   0.8726646   4.7123890   -3.6588157976e-08    1.6934604939e-13
   0.8726646   5.2359878   -6.1199031682e-09   -5.6779327984e-08
   0.8726646   5.7595865    1.0170735973e-07   -8.7556894292e-08
   1.0471976   0.0000000    3.3259509867e-07   -8.6141861222e-12
   1.0471976   0.5235988    8.1158668003e-07    5.1108983219e-07
   1.0471976   1.0471976    4.0386917013e-07    2.7918924001e-06
   1.0471976   1.5707963   -5.1236218934e-06    9.2529379632e-12
   1.0471976   2.0943951    4.0280560890e-07   -2.7920628776e-06
   1.0471976   2.6179939    8.1161308414e-07   -5.1109997618e-07
   1.0471976   3.1415927    3.3259575941e-07    8.6157873132e-12
   1.0471976   3.6651914    9.9513137183e-08    6.2685285119e-08
   1.0471976   4.1887902    5.6525543058e-09    3.9182055968e-08
   1.0471976   4.7123890   -1.9433846989e-08    7.2757652233e-14
   1.0471976   5.2359878    5.6521246262e-09   -3.9181825372e-08
   1.0471976   5.7595865    9.9512211293e-08   -6.2684282750e-08
   1.2217305   0.0000000    3.3259223163e-07   -7.8370251942e-12
   1.2217305   0.5235988    9.8413566042e-07    4.0436980223e-07
   1.2217305   1.0471976    1.8387973498e-06    3.3544383160e-06
   1.2217305   1.5707963   -8.2616711628e-06    2.7304795673e-11
   1.2217305   2.0943951    1.8380404665e-06   -3.3544644207e-06
   1.2217305   2.6179939    9.8417118139e-07   -4.0437226394e-07
   1.2217305   3.1415927    3.3259198317e-07    7.8368561746e-12
   1.2217305   3.6651914    9.8309524350e-08    4.0405563465e-08
   1.2217305   4.1887902    1.3488191919e-08    2.4625979845e-08
   1.2217305   4.7123890   -8.2957447269e-09    3.3808388532e-14
   1.2217305   5.2359878    1.3488077590e-08   -2.4626027806e-08
   1.2217305   5.7595865    9.8308794512e-08   -4.0404966526e-08
   1.3962634   0.0000000    3.3259018167e-07   -4.5823091810e-12
   1.3962634   0.5235988    1.1133704820e-06    2.2545222627e-07
   1.3962634   1.0471976    3.9536885577e-06    2.6128815116e-06
   1.3962634   1.5707963   -7.9792570824e-06    1.3387558956e-10
   1.3962634   2.0943951    3.9535913332e-06   -2.6133789779e-06
   1.3962634   2.6179939    1.1133729994e-06   -2.2545101529e-07
   1.3962634   3.1415927    3.3259092422e-07    4.5827019722e-12
   1.3962634   3.6651914    9.7720386176e-08    1.9795785488e-08
   1.3962634   4.1887902    1.7970481015e-08    1.1887310137e-08
   1.3962634   4.7123890   -2.0260342527e-09    1.3824622537e-14
   1.3962634   5.2359878    1.7970338198e-08   -1.1887274944e-08
   1.3962634   5.7595865    9.7720312448e-08   -1.9795784554e-08
   1.5707963   0.0000000    3.3258978543e-07    1.8578511904e-17
   1.5707963   0.5235988    1.1616600836e-06   -7.8942541254e-13
   1.5707963   1.0471976    5.1236030966e-06    6.7139811011e-12
   1.5707963   1.5707963   -1.7829591025e-09    8.5883041717e-11
   1.5707963   2.0943951    5.1229449433e-06    7.0204423787e-11
   1.5707963   2.6179939    1.1616812762e-06    7.8919745528e-13
   1.5707963   3.1415927    3.3258933009e-07   -2.2879815045e-17
   1.5707963   3.6651914    9.7544655182e-08   -2.0231034870e-14
   1.5707963   4.1887902    1.9430818729e-08   -1.0374040739e-14
   1.5707963   4.7123890   -1.5645613836e-12   -1.2363164056e-18
   1.5707963   5.2359878    1.9430858977e-08    1.0373833066e-14
   1.5707963   5.7595865    9.7544371878e-08    2.0231845468e-14
   1.7453293   0.0000000    3.3258999211e-07    4.5822294355e-12
   1.7453293   0.5235988    1.1133671573e-06   -2.2544920134e-07
   1.7453293   1.0471976    3.9536419407e-06   -2.6129127957e-06
   1.7453293   1.5707963   -7.9797955769e-06   -1.3473528139e-10
   1.7453293   2.0943951    3.9534948463e-06    2.6131545084e-06
   1.7453293   2.6179939    1.1133696748e-06    2.2544799046e-07
   1.7453293   3.1415927    3.3259073462e-07   -4.5826194005e-12
   1.7453293   3.6651914    9.7720298214e-08   -1.9795704398e-08
   1.7453293   4.1887902    1.7970371856e-08   -1.1887268392e-08
   1.7453293   4.7123890   -2.0261519966e-09   -1.3818943162e-14
   1.7453293   5.2359878    1.7970229044e-08    1.1887233192e-08
   1.7453293   5.7595865    9.7720224483e-08    1.9795703460e-08
   1.9198622   0.0000000    3.3259200483e-07    7.8367554926e-12
   1.9198622   0.5235988    9.8413798350e-07   -4.0435902809e-07
   1.9198622   1.0471976    1.8388090343e-06   -3.3545069555e-06
   1.9198622   1.5707963   -8.2680387077e-06    6.9265743569e-11
   1.9198622   2.0943951    1.8383149226e-06    3.3542977428e-06
   1.9198622   2.6179939    9.8417350220e-07    4.0436148945e-07
   1.9198622   3.1415927    3.3259175636e-07   -7.8365873679e-12
   1.9198622   3.6651914    9.8309529960e-08   -4.0405122978e-08
   1.9198622   4.1887902    1.3488262075e-08   -2.4625747657e-08
   1.9198622   4.7123890   -8.2956625573e-09   -3.3806644466e-14
   1.9198622   5.2359878    1.3488147740e-08    2.4625795623e-08
   1.9198622   5.7595865    9.8308800145e-08    4.0404526051e-08
   2.0943951   0.0000000    3.3259514051e-07    8.6142053220e-12
   2.0943951   0.5235988    8.1158738491e-07   -5.1109033053e-07
   2.0943951   1.0471976    4.0291191692e-07   -2.7922509755e-06
   2.0943951   1.5707963   -5.1226482736e-06    1.3710252531e-10
   2.0943951   2.0943951    4.0302015382e-07    2.7922243550e-06
   2.0943951   2.6179939    8.1161378706e-07    5.1110047459e-07
   2.0943951   3.1415927    3.3259580124e-07   -8.6158106705e-12
   2.0943951   3.6651914    9.9513160797e-08   -6.2685277121e-08
   2.0943951   4.1887902    5.6525904187e-09   -3.9182050558e-08
   2.0943951   4.7123890   -1.9433806742e-08   -7.2757682067e-14
   2.0943951   5.2359878    5.6521607359e-09    3.9181819965e-08
   2.0943951   5.7595865    9.9512234908e-08    6.2684274752e-08
   2.2689280   0.0000000    3.3259877060e-07    5.7818195391e-12
   2.2689280   0.5235988    6.3480466249e-07   -5.4636798904e-07
   2.2689280   1.0471976   -2.1297421393e-07   -1.9777655229e-06
   2.2689280   1.5707963   -3.0315220001e-06    4.4782173021e-11
   2.2689280   2.0943951   -2.1298590431e-07    1.9777887918e-06
   2.2689280   2.6179939    6.3479132786e-07    5.4635484387e-07
   2.2689280   3.1415927    3.3259830162e-07   -5.7795429920e-12
   2.2689280   3.6651914    1.0170655888e-07   -8.7555410911e-08
   2.2689280   4.1887902   -6.1200180657e-09   -5.6779446114e-08
   2.2689280   4.7123890   -3.6587992863e-08   -1.6934751890e-13
   2.2689280   5.2359878   -6.1197569075e-09    5.6779291792e-08
   2.2689280   5.7595865    1.0170744665e-07    8.7556835225e-08
   2.4434610   0.0000000    3.3260030454e-07   -3.1257481299e-12
   2.4434610   0.5235988    4.8013739383e-07   -5.2794705073e-07
   2.4434610   1.0471976   -3.8078668250e-07   -1.3279745466e-06
   2.4434610   1.5707963   -1.8449293807e-06    2.6191659429e-11
   2.4434610   2.0943951   -3.8077625165e-07    1.3279978829e-06
   2.4434610   2.6179939    4.8013755064e-07    5.2794267802e-07
   2.4434610   3.1415927    3.3260041040e-07    3.1182614331e-12
   2.4434610   3.6651914    1.0552547904e-07   -1.1604646712e-07
   2.4434610   4.1887902   -2.2689093255e-08   -7.9097042905e-08
   2.4434610   4.7123890   -6.1638810933e-08   -4.8494285260e-13
   2.4434610   5.2359878   -2.2689349026e-08    7.9096164297e-08
   2.4434610   5.7595865    1.0552545511e-07    1.1604717839e-07
   2.6179939   0.0000000    3.3259408878e-07   -2.8446295589e-11
   2.6179939   0.5235988    3.5843854747e-07   -4.7790259850e-07
   2.6179939   1.0471976   -3.6913701380e-07   -8.8527134444e-07
   2.6179939   1.5707963   -1.1615930147e-06    3.0071100868e-11
   2.6179939   2.0943951   -3.6901805139e-07    8.8534140021e-07
   2.6179939   2.6179939    3.5842926228e-07    4.7787758391e-07
   2.6179939   3.1415927    3.3259411788e-07    2.8457539565e-11
   2.6179939   3.6651914    1.1198472851e-07   -1.4927971406e-07
   2.6179939   4.1887902   -4.5283445528e-08   -1.0857637855e-07
   2.6179939   4.7123890   -9.7539256686e-08   -1.9689919080e-12
   2.6179939   5.2359878   -4.5295032615e-08    1.0856884659e-07
   2.6179939   5.7595865    1.1198733854e-07    1.4928662146e-07
   2.7925268   0.0000000    3.3251203122e-07   -1.3818495262e-10
   2.7925268   0.5235988    2.6948884027e-07   -4.1408588218e-07
   2.7925268   1.0471976   -3.0265214343e-07   -5.9742340612e-07
   2.7925268   1.5707963   -7.5200096415e-07    8.1090575813e-11
   2.7925268   2.0943951   -3.0291440187e-07    5.9713280391e-07
   2.7925268   2.6179939    2.6944313757e-07    4.1405225705e-07
   2.7925268   3.1415927    3.3251351166e-07    1.3670212088e-10
   2.7925268   3.6651914    1.2257620019e-07   -1.8839939410e-07
   2.7925268   4.1887902   -7.5568924698e-08   -1.4883472012e-07
   2.7925268   4.7123890   -1.4890487222e-07   -1.5253785511e-11
   2.7925268   5.2359878   -7.5508397364e-08    1.4890407035e-07
   2.7925268   5.7595865    1.2259693820e-07    1.8841405719e-07
   2.9670597   0.0000000    3.3106472924e-07   -1.4696942328e-09
   2.9670597   0.5235988    2.1026132911e-07   -3.5020880486e-07
   2.9670597   1.0471976   -2.3395342198e-07   -4.0816753257e-07
   2.9670597   1.5707963   -4.9544653734e-07    6.4104801092e-10
   2.9670597   2.0943951   -2.3446853660e-07    4.0989363688e-07
   2.9670597   2.6179939    2.1064491360e-07    3.4957834188e-07
   2.9670597   3.1415927    3.3134041900e-07    1.1432643474e-09
   2.9670597   3.6651914    1.4299546822e-07   -2.3391712383e-07
   2.9670597   4.1887902   -1.1813581276e-07   -2.0665579765e-07
   2.9670597   4.7123890   -2.2246706568e-07   -3.7872619976e-10
   2.9670597   5.2359878   -1.1784818398e-07    2.0553241305e-07
   2.9670597   5.7595865    1.4283768098e-07    2.3417128038e-07
   3.1415927   0.0000000   -1.4806426469e-07    2.1611819955e-07
   3.1415927   0.5235988   -1.4806426469e-07    2.1611819955e-07
   3.1415927   1.0471976   -1.4806426469e-07    2.1611819955e-07
   3.1415927   1.5707963   -1.4806426469e-07    2.1611819955e-07
   3.1415927   2.0943951   -1.4806426469e-07    2.1611819955e-07
   3.1415927   2.6179939   -1.4806426469e-07    2.1611819955e-07
   3.1415927   3.1415927   -1.4806426469e-07    2.1611819955e-07
   3.1415927   3.6651914   -1.4806426469e-07    2.1611819955e-07
   3.1415927   4.1887902   -1.4806426469e-07    2.1611819955e-07
   3.1415927   4.7123890   -1.4806426469e-07    2.1611819955e-07
   3.1415927   5.2359878   -1.4806426469e-07    2.1611819955e-07
   3.1415927   5.7595865   -1.4806426469e-07    2.1611819955e-07


