#   time = 29.296875,       r = 80.000000
#      theta         phi            Weyl4_Re            Weyl4_Im
   0.0000000   0.0000000   -1.4724183186e-07   -2.1493786803e-07
   0.0000000   0.5235988   -1.4724183186e-07   -2.1493786803e-07
   0.0000000   1.0471976   -1.4724183186e-07   -2.1493786803e-07
   0.0000000   1.5707963   -1.4724183186e-07   -2.1493786803e-07
   0.0000000   2.0943951   -1.4724183186e-07   -2.1493786803e-07
   0.0000000   2.6179939   -1.4724183186e-07   -2.1493786803e-07
   0.0000000   3.1415927   -1.4724183186e-07   -2.1493786803e-07
   0.0000000   3.6651914   -1.4724183186e-07   -2.1493786803e-07
   0.0000000   4.1887902   -1.4724183186e-07   -2.1493786803e-07
   0.0000000   4.7123890   -1.4724183186e-07   -2.1493786803e-07
   0.0000000   5.2359878   -1.4724183186e-07   -2.1493786803e-07
   0.0000000   5.7595865   -1.4724183186e-07   -2.1493786803e-07
   0.1745329   0.0000000    3.2929098066e-07    1.4598589429e-09
   0.1745329   0.5235988    2.0903428174e-07    3.4807863883e-07
   0.1745329   1.0471976   -2.3235329899e-07    4.0548183037e-07
   0.1745329   1.5707963   -4.9202167975e-07   -6.3612069765e-10
   0.1745329   2.0943951   -2.3286484331e-07   -4.0719616164e-07
   0.1745329   2.6179939    2.0941525566e-07   -3.4745211021e-07
   0.1745329   3.1415927    3.2956513045e-07   -1.1354201444e-09
   0.1745329   3.6651914    1.4231590470e-07    2.3275942361e-07
   0.1745329   4.1887902   -1.1756319227e-07    2.0570509883e-07
   0.1745329   4.7123890   -2.2144715568e-07    3.7698584036e-10
   0.1745329   5.2359878   -1.1727725255e-07   -2.0458733769e-07
   0.1745329   5.7595865    1.4215890479e-07   -2.3301220355e-07
   0.3490659   0.0000000    3.3073301752e-07    1.3804251287e-10
   0.3490659   0.5235988    2.6769695951e-07    4.1123913075e-07
   0.3490659   1.0471976   -3.0000539877e-07    5.9237658500e-07
   0.3490659   1.5707963   -7.4497599114e-07   -8.0102497189e-11
   0.3490659   2.0943951   -3.0026470309e-07   -5.9208932117e-07
   0.3490659   2.6179939    2.6765171276e-07   -4.1120588160e-07
   0.3490659   3.1415927    3.3073452776e-07   -1.3656438354e-10
   0.3490659   3.6651914    1.2204431691e-07    1.8754257059e-07
   0.3490659   4.1887902   -7.5243468897e-08    1.4823063417e-07
   0.3490659   4.7123890   -1.4830594830e-07    1.5180081242e-11
   0.3490659   5.2359878   -7.5183243260e-08   -1.4829962603e-07
   0.3490659   5.7595865    1.2206493122e-07   -1.8755711608e-07
   0.5235988   0.0000000    3.3081476566e-07    2.9175064445e-11
   0.5235988   0.5235988    3.5570159280e-07    4.7414823764e-07
   0.5235988   1.0471976   -3.6477025369e-07    8.7516526935e-07
   0.5235988   1.5707963   -1.1457179308e-06   -2.9482707662e-11
   0.5235988   2.0943951   -3.6465432417e-07   -8.7523521725e-07
   0.5235988   2.6179939    3.5569216445e-07   -4.7412357567e-07
   0.5235988   3.1415927    3.3081473860e-07   -2.9195303060e-11
   0.5235988   3.6651914    1.1153003914e-07    1.4864500896e-07
   0.5235988   4.1887902   -4.5105123347e-08    1.0817937595e-07
   0.5235988   4.7123890   -9.7186461095e-08    1.9568752857e-12
   0.5235988   5.2359878   -4.5116634933e-08   -1.0817189712e-07
   0.5235988   5.7595865    1.1153265966e-07   -1.4865187601e-07
   0.6981317   0.0000000    3.3082268461e-07    3.6696439252e-12
   0.6981317   0.5235988    4.7591867563e-07    5.2320550391e-07
   0.6981317   1.0471976   -3.7439902898e-07    1.3066525777e-06
   0.6981317   1.5707963   -1.8053756619e-06   -2.8023264012e-11
   0.6981317   2.0943951   -3.7439191077e-07   -1.3066525855e-06
   0.6981317   2.6179939    4.7591924930e-07   -5.2320060777e-07
   0.6981317   3.1415927    3.3082280632e-07   -3.6662749742e-12
   0.6981317   3.6651914    1.0511827013e-07    1.1557963397e-07
   0.6981317   4.1887902   -2.2590813053e-08    7.8788079588e-08
   0.6981317   4.7123890   -6.1486596924e-08    4.8241457205e-13
   0.6981317   5.2359878   -2.2591068889e-08   -7.8787201064e-08
   0.6981317   5.7595865    1.0511821270e-07   -1.1558034115e-07
   0.8726646   0.0000000    3.3082074384e-07   -5.7647681259e-12
   0.8726646   0.5235988    6.2840971395e-07    5.4075849644e-07
   0.8726646   1.0471976   -2.0746453039e-07    1.9314795840e-06
   0.8726646   1.5707963   -2.9316048427e-06   -2.0398004399e-10
   0.8726646   2.0943951   -2.0748772102e-07   -1.9314755509e-06
   0.8726646   2.6179939    6.2840086231e-07   -5.4074785256e-07
   0.8726646   3.1415927    3.3082034264e-07    5.7678547082e-12
   0.8726646   3.6651914    1.0132910460e-07    8.7217993308e-08
   0.8726646   4.1887902   -6.1128238408e-09    5.6741316033e-08
   0.8726646   4.7123890   -3.6181329498e-08    1.6715532697e-13
   0.8726646   5.2359878   -6.1125635729e-09   -5.6741163670e-08
   0.8726646   5.7595865    1.0132999617e-07   -8.7219421160e-08
   1.0471976   0.0000000    3.3081687559e-07   -9.0404071813e-12
   1.0471976   0.5235988    8.0235806556e-07    5.0518750135e-07
   1.0471976   1.0471976    3.9003710092e-07    2.6961479998e-06
   1.0471976   1.5707963   -5.0713621582e-06   -2.4086084917e-09
   1.0471976   2.0943951    3.9015912608e-07   -2.6962702784e-06
   1.0471976   2.6179939    8.0238648238e-07   -5.0518819802e-07
   1.0471976   3.1415927    3.3081745763e-07    9.0511156252e-12
   1.0471976   3.6651914    9.9159208105e-08    6.2454513697e-08
   1.0471976   4.1887902    5.6347052793e-09    3.9029842418e-08
   1.0471976   4.7123890   -1.9164132634e-08    7.1596875944e-14
   1.0471976   5.2359878    5.6342794913e-09   -3.9029613840e-08
   1.0471976   5.7595865    9.9158305708e-08   -6.2453505535e-08
   1.2217305   0.0000000    3.3081333222e-07   -8.3992123152e-12
   1.2217305   0.5235988    9.7181669424e-07    3.9923417519e-07
   1.2217305   1.0471976    1.7404359824e-06    3.1647861641e-06
   1.2217305   1.5707963   -8.8255907863e-06   -1.1312753387e-08
   1.2217305   2.0943951    1.7414860757e-06   -3.1668973677e-06
   1.2217305   2.6179939    9.7183578481e-07   -3.9922181703e-07
   1.2217305   3.1415927    3.3081313977e-07    8.3893308778e-12
   1.2217305   3.6651914    9.7969446408e-08    4.0261178113e-08
   1.2217305   4.1887902    1.3062657280e-08    2.3843704285e-08
   1.2217305   4.7123890   -9.3337917987e-09    3.7195323307e-14
   1.2217305   5.2359878    1.3062546439e-08   -2.3843750980e-08
   1.2217305   5.7595865    9.7968736835e-08   -4.0260590571e-08
   1.3962634   0.0000000    3.3081077684e-07   -4.9444487339e-12
   1.3962634   0.5235988    1.0985306621e-06    2.2240615267e-07
   1.3962634   1.0471976    3.8344424676e-06    2.5699833891e-06
   1.3962634   1.5707963    6.4537982600e-08   -1.2406682215e-08
   1.3962634   2.0943951    3.8303239488e-06   -2.5644352500e-06
   1.3962634   2.6179939    1.0985114969e-06   -2.2239846238e-07
   1.3962634   3.1415927    3.3081155188e-07    4.9388416470e-12
   1.3962634   3.6651914    9.7384213325e-08    1.9725564170e-08
   1.3962634   4.1887902    1.7540813077e-08    1.1601510591e-08
   1.3962634   4.7123890   -2.1932744409e-09    1.4689353253e-14
   1.3962634   5.2359878    1.7540671351e-08   -1.1601473886e-08
   1.3962634   5.7595865    9.7384140161e-08   -1.9725557441e-08
   1.5707963   0.0000000    3.3081022390e-07    3.4662074260e-16
   1.5707963   0.5235988    1.1458347361e-06   -8.7772258148e-13
   1.5707963   1.0471976    5.0747986420e-06   -2.3444521895e-09
   1.5707963   1.5707963    5.6695495915e-10   -3.4153200446e-09
   1.5707963   2.0943951    5.0390108107e-06    1.3956668493e-09
   1.5707963   2.6179939    1.1458302111e-06    7.7603205031e-13
   1.5707963   3.1415927    3.3080979251e-07   -2.0370500657e-17
   1.5707963   3.6651914    9.7208713996e-08   -1.9869736723e-14
   1.5707963   4.1887902    1.9164912765e-08   -1.0164338006e-14
   1.5707963   4.7123890   -1.5425187434e-12   -4.0334641329e-18
   1.5707963   5.2359878    1.9164950187e-08    1.0093964626e-14
   1.5707963   5.7595865    9.7208443716e-08    1.8785869988e-14
   1.7453293   0.0000000    3.3081062290e-07    4.9411380330e-12
   1.7453293   0.5235988    1.0985279116e-06   -2.2240308194e-07
   1.7453293   1.0471976    3.8294887457e-06   -2.5655813559e-06
   1.7453293   1.5707963   -5.4038467161e-07    4.8456852863e-08
   1.7453293   2.0943951    3.8281302610e-06    2.5631663441e-06
   1.7453293   2.6179939    1.0985078815e-06    2.2239551081e-07
   1.7453293   3.1415927    3.3081137237e-07   -4.9387827530e-12
   1.7453293   3.6651914    9.7384127031e-08   -1.9725484559e-08
   1.7453293   4.1887902    1.7540706601e-08   -1.1601470001e-08
   1.7453293   4.7123890   -2.1933997753e-09   -1.4692124002e-14
   1.7453293   5.2359878    1.7540564864e-08    1.1601433673e-08
   1.7453293   5.7595865    9.7384053766e-08    1.9725483437e-08
   1.9198622   0.0000000    3.3081314588e-07    8.3900921725e-12
   1.9198622   0.5235988    9.7181272494e-07   -3.9921774878e-07
   1.9198622   1.0471976    1.7409545457e-06   -3.1655878675e-06
   1.9198622   1.5707963   -8.7637903832e-06    1.0391927306e-08
   1.9198622   2.0943951    1.7416324517e-06    3.1668997994e-06
   1.9198622   2.6179939    9.7183886986e-07    3.9921185879e-07
   1.9198622   3.1415927    3.3081291293e-07   -8.3891450869e-12
   1.9198622   3.6651914    9.7969451700e-08   -4.0260745107e-08
   1.9198622   4.1887902    1.3062724830e-08   -2.3843479621e-08
   1.9198622   4.7123890   -9.3337052428e-09   -3.7188760930e-14
   1.9198622   5.2359878    1.3062614031e-08    2.3843526720e-08
   1.9198622   5.7595865    9.7968733893e-08    4.0260152663e-08
   2.0943951   0.0000000    3.3081686169e-07    9.0496543429e-12
   2.0943951   0.5235988    8.0236206761e-07   -5.0517907389e-07
   2.0943951   1.0471976    3.9013610113e-07   -2.6963879753e-06
   2.0943951   1.5707963   -5.0356809812e-06    1.4527683900e-09
   2.0943951   2.0943951    3.9026416073e-07    2.6965467571e-06
   2.0943951   2.6179939    8.0238760478e-07    5.0518948050e-07
   2.0943951   3.1415927    3.3081749388e-07   -9.0509492117e-12
   2.0943951   3.6651914    9.9159231106e-08   -6.2454505429e-08
   2.0943951   4.1887902    5.6347410139e-09   -3.9029836971e-08
   2.0943951   4.7123890   -1.9164093032e-08   -7.1588354448e-14
   2.0943951   5.2359878    5.6343153784e-09    3.9029607883e-08
   2.0943951   5.7595865    9.9158327780e-08    6.2453514105e-08
   2.2689280   0.0000000    3.3082085943e-07    5.7693547871e-12
   2.2689280   0.5235988    6.2841483564e-07   -5.4076150762e-07
   2.2689280   1.0471976   -2.0742752679e-07   -1.9315219059e-06
   2.2689280   1.5707963   -2.9270283039e-06    1.1418447996e-10
   2.2689280   2.0943951   -2.0745471031e-07    1.9314991470e-06
   2.2689280   2.6179939    6.2840238978e-07    5.4074841723e-07
   2.2689280   3.1415927    3.3082043339e-07   -5.7669464031e-12
   2.2689280   3.6651914    1.0132918904e-07   -8.7217934037e-08
   2.2689280   4.1887902   -6.1126790016e-09   -5.6741279961e-08
   2.2689280   4.7123890   -3.6181166955e-08   -1.6718963319e-13
   2.2689280   5.2359878   -6.1124191964e-09    5.6741127014e-08
   2.2689280   5.7595865    1.0133006196e-07    8.7219343176e-08
   2.4434610   0.0000000    3.3082228456e-07   -3.6747015379e-12
   2.4434610   0.5235988    4.7591764689e-07   -5.2320090235e-07
   2.4434610   1.0471976   -3.7441454378e-07   -1.3066012722e-06
   2.4434610   1.5707963   -1.8051337650e-06    2.7139482157e-11
   2.4434610   2.0943951   -3.7440185617e-07    1.3066204065e-06
   2.4434610   2.6179939    4.7591782065e-07    5.2319671655e-07
   2.4434610   3.1415927    3.3082238123e-07    3.6665619822e-12
   2.4434610   3.6651914    1.0511818731e-07   -1.1557940038e-07
   2.4434610   4.1887902   -2.2590861728e-08   -7.8787955178e-08
   2.4434610   4.7123890   -6.1486648734e-08   -4.8225345951e-13
   2.4434610   5.2359878   -2.2591115205e-08    7.8787082925e-08
   2.4434610   5.7595865    1.0511816399e-07    1.1558010477e-07
   2.6179939   0.0000000    3.3081534689e-07   -2.9184593918e-11
   2.6179939   0.5235988    3.5570165001e-07   -4.7415202207e-07
   2.6179939   1.0471976   -3.6477949923e-07   -8.7517837677e-07
   2.6179939   1.5707963   -1.1457134598e-06    2.9379969233e-11
   2.6179939   2.0943951   -3.6466318045e-07    8.7524718112e-07
   2.6179939   2.6179939    3.5569253519e-07    4.7412739221e-07
   2.6179939   3.1415927    3.3081537057e-07    2.9195433210e-11
   2.6179939   3.6651914    1.1153005380e-07   -1.4864552456e-07
   2.6179939   4.1887902   -4.5105342569e-08   -1.0817968351e-07
   2.6179939   4.7123890   -9.7186733590e-08   -1.9581310118e-12
   2.6179939   5.2359878   -4.5116857577e-08    1.0817219368e-07
   2.6179939   5.7595865    1.1153264477e-07    1.4865237907e-07
   2.7925268   0.0000000    3.3073282502e-07   -1.3803430963e-10
   2.7925268   0.5235988    2.6769704529e-07   -4.1123858968e-07
   2.7925268   1.0471976   -3.0000368728e-07   -5.9237408165e-07
   2.7925268   1.5707963   -7.4497164964e-07    8.0097343559e-11
   2.7925268   2.0943951   -3.0026292822e-07    5.9208677417e-07
   2.7925268   2.6179939    2.6765177223e-07    4.1120531855e-07
   2.7925268   3.1415927    3.3073429466e-07    1.3656447328e-10
   2.7925268   3.6651914    1.2204429839e-07   -1.8754235916e-07
   2.7925268   4.1887902   -7.5243325703e-08   -1.4823049211e-07
   2.7925268   4.7123890   -1.4830575551e-07   -1.5178387488e-11
   2.7925268   5.2359878   -7.5183114009e-08    1.4829947878e-07
   2.7925268   5.7595865    1.2206491421e-07    1.8755692859e-07
   2.9670597   0.0000000    3.2929175304e-07   -1.4598609804e-09
   2.9670597   0.5235988    2.0903461257e-07   -3.4807972827e-07
   2.9670597   1.0471976   -2.3235452703e-07   -4.0548323831e-07
   2.9670597   1.5707963   -4.9202405092e-07    6.3612075575e-10
   2.9670597   2.0943951   -2.3286606552e-07    4.0719757083e-07
   2.9670597   2.6179939    2.0941558069e-07    3.4745317540e-07
   2.9670597   3.1415927    3.2956587800e-07    1.1354245705e-09
   2.9670597   3.6651914    1.4231609452e-07   -2.3276001873e-07
   2.9670597   4.1887902   -1.1756360013e-07   -2.0570557208e-07
   2.9670597   4.7123890   -2.2144777031e-07   -3.7698402622e-10
   2.9670597   5.2359878   -1.1727766435e-07    2.0458780983e-07
   2.9670597   5.7595865    1.4215909609e-07    2.3301281918e-07
   3.1415927   0.0000000   -1.4724164313e-07    2.1493758435e-07
   3.1415927   0.5235988   -1.4724164313e-07    2.1493758435e-07
   3.1415927   1.0471976   -1.4724164313e-07    2.1493758435e-07
   3.1415927   1.5707963   -1.4724164313e-07    2.1493758435e-07
   3.1415927   2.0943951   -1.4724164313e-07    2.1493758435e-07
   3.1415927   2.6179939   -1.4724164313e-07    2.1493758435e-07
   3.1415927   3.1415927   -1.4724164313e-07    2.1493758435e-07
   3.1415927   3.6651914   -1.4724164313e-07    2.1493758435e-07
   3.1415927   4.1887902   -1.4724164313e-07    2.1493758435e-07
   3.1415927   4.7123890   -1.4724164313e-07    2.1493758435e-07
   3.1415927   5.2359878   -1.4724164313e-07    2.1493758435e-07
   3.1415927   5.7595865   -1.4724164313e-07    2.1493758435e-07


