#   time = 28.125000,       r = 80.000000
#      theta         phi            Weyl4_Re            Weyl4_Im
   0.0000000   0.0000000   -1.4727944876e-07   -2.1499194648e-07
   0.0000000   0.5235988   -1.4727944876e-07   -2.1499194648e-07
   0.0000000   1.0471976   -1.4727944876e-07   -2.1499194648e-07
   0.0000000   1.5707963   -1.4727944876e-07   -2.1499194648e-07
   0.0000000   2.0943951   -1.4727944876e-07   -2.1499194648e-07
   0.0000000   2.6179939   -1.4727944876e-07   -2.1499194648e-07
   0.0000000   3.1415927   -1.4727944876e-07   -2.1499194648e-07
   0.0000000   3.6651914   -1.4727944876e-07   -2.1499194648e-07
   0.0000000   4.1887902   -1.4727944876e-07   -2.1499194648e-07
   0.0000000   4.7123890   -1.4727944876e-07   -2.1499194648e-07
   0.0000000   5.2359878   -1.4727944876e-07   -2.1499194648e-07
   0.0000000   5.7595865   -1.4727944876e-07   -2.1499194648e-07
   0.1745329   0.0000000    3.2937223837e-07    1.4603000010e-09
   0.1745329   0.5235988    2.0909055658e-07    3.4817615305e-07
   0.1745329   1.0471976   -2.3242655162e-07    4.0560498424e-07
   0.1745329   1.5707963   -4.9217872517e-07   -6.3634705599e-10
   0.1745329   2.0943951   -2.3293825234e-07   -4.0731984986e-07
   0.1745329   2.6179939    2.0947164514e-07   -3.4754943666e-07
   0.1745329   3.1415927    3.2964645315e-07   -1.1357714304e-09
   0.1745329   3.6651914    1.4234704723e-07    2.3281239878e-07
   0.1745329   4.1887902   -1.1758934241e-07    2.0574857886e-07
   0.1745329   4.7123890   -2.2149373819e-07    3.7706459737e-10
   0.1745329   5.2359878   -1.1730333173e-07   -2.0463056454e-07
   0.1745329   5.7595865    1.4219001302e-07   -2.3306524892e-07
   0.3490659   0.0000000    3.3081455060e-07    1.3803780192e-10
   0.3490659   0.5235988    2.6777933668e-07    4.1136974543e-07
   0.3490659   1.0471976   -3.0012645831e-07    5.9260753525e-07
   0.3490659   1.5707963   -7.4529890227e-07   -8.0146455900e-11
   0.3490659   2.0943951   -3.0038587048e-07   -5.9232010676e-07
   0.3490659   2.6179939    2.6773403573e-07   -4.1133645931e-07
   0.3490659   3.1415927    3.3081605285e-07   -1.3655980465e-10
   0.3490659   3.6651914    1.2206867174e-07    1.8758176725e-07
   0.3490659   4.1887902   -7.5258486927e-08    1.4825851130e-07
   0.3490659   4.7123890   -1.4833379416e-07    1.5181773285e-11
   0.3490659   5.2359878   -7.5198256919e-08   -1.4832751934e-07
   0.3490659   5.7595865    1.2208930145e-07   -1.8759631763e-07
   0.5235988   0.0000000    3.3089626118e-07    2.9127807910e-11
   0.5235988   0.5235988    3.5582706917e-07    4.7432000929e-07
   0.5235988   1.0471976   -3.6496953013e-07    8.7562728519e-07
   0.5235988   1.5707963   -1.1464372680e-06   -2.9425567396e-11
   0.5235988   2.0943951   -3.6485328371e-07   -8.7569696050e-07
   0.5235988   2.6179939    3.5581776124e-07   -4.7429545293e-07
   0.5235988   3.1415927    3.3089623662e-07   -2.9151277712e-11
   0.5235988   3.6651914    1.1155084672e-07    1.4867400792e-07
   0.5235988   4.1887902   -4.5111914784e-08    1.0819458988e-07
   0.5235988   4.7123890   -9.7208038424e-08    1.9577812514e-12
   0.5235988   5.2359878   -4.5123436200e-08   -1.0818710186e-07
   0.5235988   5.7595865    1.1155346599e-07   -1.4868088755e-07
   0.6981317   0.0000000    3.3090410920e-07    3.6468984160e-12
   0.6981317   0.5235988    4.7611267074e-07    5.2342346075e-07
   0.6981317   1.0471976   -3.7469368471e-07    1.3076443099e-06
   0.6981317   1.5707963   -1.8072331638e-06   -2.3671756006e-11
   0.6981317   2.0943951   -3.7468444817e-07   -1.3076443648e-06
   0.6981317   2.6179939    4.7611296024e-07   -5.2341825905e-07
   0.6981317   3.1415927    3.3090427320e-07   -3.6357427700e-12
   0.6981317   3.6651914    1.0513722646e-07    1.1560137028e-07
   0.6981317   4.1887902   -2.2600780820e-08    7.8820119102e-08
   0.6981317   4.7123890   -6.1428777050e-08    4.8217460675e-13
   0.6981317   5.2359878   -2.2601035714e-08   -7.8819239472e-08
   0.6981317   5.7595865    1.0513717212e-07   -1.1560206627e-07
   0.8726646   0.0000000    3.3090216004e-07   -5.7730557642e-12
   0.8726646   0.5235988    6.2870416446e-07    5.4101637526e-07
   0.8726646   1.0471976   -2.0772732143e-07    1.9334780801e-06
   0.8726646   1.5707963   -2.9381555757e-06   -7.7111581530e-11
   0.8726646   2.0943951   -2.0774975905e-07   -1.9334976637e-06
   0.8726646   2.6179939    6.2869436935e-07   -5.4100514540e-07
   0.8726646   3.1415927    3.3090179891e-07    5.7669327395e-12
   0.8726646   3.6651914    1.0134587653e-07    8.7232977678e-08
   0.8726646   4.1887902   -6.1031369323e-09    5.6659928090e-08
   0.8726646   4.7123890   -3.6465757440e-08    1.6827995907e-13
   0.8726646   5.2359878   -6.1028778111e-09   -5.6659776746e-08
   0.8726646   5.7595865    1.0134676511e-07   -8.7234409347e-08
   1.0471976   0.0000000    3.3089834857e-07   -9.0116212764e-12
   1.0471976   0.5235988    8.0278223985e-07    5.0545661603e-07
   1.0471976   1.0471976    3.9031878757e-07    2.6989851716e-06
   1.0471976   1.5707963   -5.0742579772e-06   -8.5678925174e-10
   1.0471976   2.0943951    3.9043387179e-07   -2.6991797042e-06
   1.0471976   2.6179939    8.0281045110e-07   -5.0545965577e-07
   1.0471976   3.1415927    3.3089893334e-07    9.0242977131e-12
   1.0471976   3.6651914    9.9172716324e-08    6.2463285764e-08
   1.0471976   4.1887902    5.6643636247e-09    3.9236803886e-08
   1.0471976   4.7123890   -1.8743026306e-08    7.0277021278e-14
   1.0471976   5.2359878    5.6639358846e-09   -3.9236573671e-08
   1.0471976   5.7595865    9.9171805691e-08   -6.2462283276e-08
   1.2217305   0.0000000    3.3089484464e-07   -8.3649161504e-12
   1.2217305   0.5235988    9.7237995322e-07    3.9946588371e-07
   1.2217305   1.0471976    1.7519419762e-06    3.1937008753e-06
   1.2217305   1.5707963   -7.1497740603e-06    3.8219111420e-09
   1.2217305   2.0943951    1.7516028684e-06   -3.1919445802e-06
   1.2217305   2.6179939    9.7240373961e-07   -3.9945901246e-07
   1.2217305   3.1415927    3.3089464218e-07    8.3552936256e-12
   1.2217305   3.6651914    9.7984038631e-08    4.0267425804e-08
   1.2217305   4.1887902    1.3170227394e-08    2.4038640164e-08
   1.2217305   4.7123890   -9.1350744065e-09    3.6450538528e-14
   1.2217305   5.2359878    1.3170115963e-08   -2.4038687909e-08
   1.2217305   5.7595865    9.7983326609e-08   -4.0266828927e-08
   1.3962634   0.0000000    3.3089232206e-07   -4.9195053819e-12
   1.3962634   0.5235988    1.0992019627e-06    2.2254060455e-07
   1.3962634   1.0471976    3.7586045457e-06    2.4802152014e-06
   1.3962634   1.5707963   -1.9510789288e-06   -7.3901549713e-09
   1.3962634   2.0943951    3.7630520314e-06   -2.4843823469e-06
   1.3962634   2.6179939    1.0991921950e-06   -2.2253691523e-07
   1.3962634   3.1415927    3.3089308502e-07    4.9161589476e-12
   1.3962634   3.6651914    9.7403245226e-08    1.9729544728e-08
   1.3962634   4.1887902    1.7305361934e-08    1.1444773343e-08
   1.3962634   4.7123890   -2.3351780691e-09    1.5508673013e-14
   1.3962634   5.2359878    1.7305221688e-08   -1.1444738832e-08
   1.3962634   5.7595865    9.7403165767e-08   -1.9729538970e-08
   1.5707963   0.0000000    3.3089177591e-07    2.0733441250e-16
   1.5707963   0.5235988    1.1465531453e-06   -7.8027115812e-13
   1.5707963   1.0471976    5.0776358939e-06   -7.5125663111e-10
   1.5707963   1.5707963    5.8367713913e-10    1.7096480928e-08
   1.5707963   2.0943951    5.0652057649e-06    5.0858414664e-10
   1.5707963   2.6179939    1.1465622695e-06    7.3227693896e-13
   1.5707963   3.1415927    3.3089133525e-07   -1.9426787389e-17
   1.5707963   3.6651914    9.7229554612e-08   -1.9890390033e-14
   1.5707963   4.1887902    1.8743575278e-08   -1.0018112283e-14
   1.5707963   4.7123890   -1.5435328620e-12   -5.2937126822e-18
   1.5707963   5.2359878    1.8743610886e-08    9.9398119924e-15
   1.5707963   5.7595865    9.7229276555e-08    1.9010376337e-14
   1.7453293   0.0000000    3.3089216111e-07    4.9176772770e-12
   1.7453293   0.5235988    1.0991998025e-06   -2.2253778052e-07
   1.7453293   1.0471976    3.7615494760e-06   -2.4818631266e-06
   1.7453293   1.5707963   -2.5261090344e-06    4.4158711342e-08
   1.7453293   2.0943951    3.7666934708e-06    2.4871449005e-06
   1.7453293   2.6179939    1.0991890448e-06    2.2253410418e-07
   1.7453293   3.1415927    3.3089290492e-07   -4.9160752404e-12
   1.7453293   3.6651914    9.7403158865e-08   -1.9729465048e-08
   1.7453293   4.1887902    1.7305256569e-08   -1.1444733088e-08
   1.7453293   4.7123890   -2.3353103759e-09   -1.5507760027e-14
   1.7453293   5.2359878    1.7305116307e-08    1.1444698829e-08
   1.7453293   5.7595865    9.7403079196e-08    1.9729465027e-08
   1.9198622   0.0000000    3.3089464981e-07    8.3566723220e-12
   1.9198622   0.5235988    9.7237826930e-07   -3.9945146110e-07
   1.9198622   1.0471976    1.7513130245e-06   -3.1914864055e-06
   1.9198622   1.5707963   -7.3041709419e-06    2.4062706099e-09
   1.9198622   2.0943951    1.7509645340e-06    3.1898259913e-06
   1.9198622   2.6179939    9.7240619310e-07    3.9944879276e-07
   1.9198622   3.1415927    3.3089441643e-07   -8.3550511562e-12
   1.9198622   3.6651914    9.7984043936e-08   -4.0266992461e-08
   1.9198622   4.1887902    1.3170295339e-08   -2.4038414192e-08
   1.9198622   4.7123890   -9.1349892329e-09   -3.6448104314e-14
   1.9198622   5.2359878    1.3170183894e-08    2.4038462090e-08
   1.9198622   5.7595865    9.7983330597e-08    4.0266398950e-08
   2.0943951   0.0000000    3.3089833696e-07    9.0234867893e-12
   2.0943951   0.5235988    8.0278598212e-07   -5.0545038392e-07
   2.0943951   1.0471976    3.9042001199e-07   -2.6992191156e-06
   2.0943951   1.5707963   -5.0618912683e-06    6.0630127385e-10
   2.0943951   2.0943951    3.9051942432e-07    2.6993559064e-06
   2.0943951   2.6179939    8.0281156929e-07    5.0546086135e-07
   2.0943951   3.1415927    3.3089896806e-07   -9.0247058946e-12
   2.0943951   3.6651914    9.9172739363e-08   -6.2463277515e-08
   2.0943951   4.1887902    5.6643995219e-09   -3.9236798415e-08
   2.0943951   4.7123890   -1.8742987336e-08   -7.0284050207e-14
   2.0943951   5.2359878    5.6639720330e-09    3.9236567996e-08
   2.0943951   5.7595865    9.9171833021e-08    6.2462285436e-08
   2.2689280   0.0000000    3.3090231802e-07    5.7688871620e-12
   2.2689280   0.5235988    6.2870837939e-07   -5.4101886194e-07
   2.2689280   1.0471976   -2.0770169192e-07   -1.9335620469e-06
   2.2689280   1.5707963   -2.9362064294e-06    4.4858626227e-11
   2.2689280   2.0943951   -2.0771997093e-07    1.9335529464e-06
   2.2689280   2.6179939    6.2869590212e-07    5.4100571199e-07
   2.2689280   3.1415927    3.3090188510e-07   -5.7667536993e-12
   2.2689280   3.6651914    1.0134596109e-07   -8.7232918428e-08
   2.2689280   4.1887902   -6.1029921820e-09   -5.6659892042e-08
   2.2689280   4.7123890   -3.6465593924e-08   -1.6830759700e-13
   2.2689280   5.2359878   -6.1027326360e-09    5.6659739201e-08
   2.2689280   5.7595865    1.0134683471e-07    8.7234328263e-08
   2.4434610   0.0000000    3.3090374912e-07   -3.6436967335e-12
   2.4434610   0.5235988    4.7611145307e-07   -5.2341859453e-07
   2.4434610   1.0471976   -3.7470250365e-07   -1.3075854907e-06
   2.4434610   1.5707963   -1.8070306028e-06    2.4994658347e-11
   2.4434610   2.0943951   -3.7469186828e-07    1.3076072722e-06
   2.4434610   2.6179939    4.7611168000e-07    5.2341444239e-07
   2.4434610   3.1415927    3.3090384122e-07    3.6360749219e-12
   2.4434610   3.6651914    1.0513714336e-07   -1.1560113612e-07
   2.4434610   4.1887902   -2.2600829437e-08   -7.8819994466e-08
   2.4434610   4.7123890   -6.1428828659e-08   -4.8194706080e-13
   2.4434610   5.2359878   -2.2601083057e-08    7.8819121768e-08
   2.4434610   5.7595865    1.0513712001e-07    1.1560184084e-07
   2.6179939   0.0000000    3.3089684542e-07   -2.9139914570e-11
   2.6179939   0.5235988    3.5582736243e-07   -4.7432401697e-07
   2.6179939   1.0471976   -3.6497954042e-07   -8.7564255070e-07
   2.6179939   1.5707963   -1.1464464344e-06    2.9377037415e-11
   2.6179939   2.0943951   -3.6486312653e-07    8.7571141573e-07
   2.6179939   2.6179939    3.5581821232e-07    4.7429934398e-07
   2.6179939   3.1415927    3.3089686753e-07    2.9151254638e-11
   2.6179939   3.6651914    1.1155086160e-07   -1.4867452454e-07
   2.6179939   4.1887902   -4.5112134389e-08   -1.0819489794e-07
   2.6179939   4.7123890   -9.7208311313e-08   -1.9587123166e-12
   2.6179939   5.2359878   -4.5123652444e-08    1.0818740637e-07
   2.6179939   5.7595865    1.1155345344e-07    1.4868138150e-07
   2.7925268   0.0000000    3.3081434820e-07   -1.3802929201e-10
   2.7925268   0.5235988    2.6777929808e-07   -4.1136907566e-07
   2.7925268   1.0471976   -3.0012503934e-07   -5.9260590811e-07
   2.7925268   1.5707963   -7.4529421382e-07    8.0143190851e-11
   2.7925268   2.0943951   -3.0038442196e-07    5.9231845099e-07
   2.7925268   2.6179939    2.6773400513e-07    4.1133578588e-07
   2.7925268   3.1415927    3.3081581939e-07    1.3655888748e-10
   2.7925268   3.6651914    1.2206865382e-07   -1.8758155665e-07
   2.7925268   4.1887902   -7.5258343429e-08   -1.4825836866e-07
   2.7925268   4.7123890   -1.4833360197e-07   -1.5181883472e-11
   2.7925268   5.2359878   -7.5198117228e-08    1.4832737202e-07
   2.7925268   5.7595865    1.2208927521e-07    1.8759613034e-07
   2.9670597   0.0000000    3.2937299900e-07   -1.4603031058e-09
   2.9670597   0.5235988    2.0909091248e-07   -3.4817727656e-07
   2.9670597   1.0471976   -2.3242770484e-07   -4.0560629225e-07
   2.9670597   1.5707963   -4.9218084260e-07    6.3634682793e-10
   2.9670597   2.0943951   -2.3293940723e-07    4.0732116478e-07
   2.9670597   2.6179939    2.0947200043e-07    3.4755054470e-07
   2.9670597   3.1415927    3.2964719551e-07    1.1357754076e-09
   2.9670597   3.6651914    1.4234723447e-07   -2.3281299249e-07
   2.9670597   4.1887902   -1.1758975167e-07   -2.0574905523e-07
   2.9670597   4.7123890   -2.2149435704e-07   -3.7706370434e-10
   2.9670597   5.2359878   -1.1730373846e-07    2.0463103565e-07
   2.9670597   5.7595865    1.4219019995e-07    2.3306585501e-07
   3.1415927   0.0000000   -1.4727925438e-07    2.1499165959e-07
   3.1415927   0.5235988   -1.4727925438e-07    2.1499165959e-07
   3.1415927   1.0471976   -1.4727925438e-07    2.1499165959e-07
   3.1415927   1.5707963   -1.4727925438e-07    2.1499165959e-07
   3.1415927   2.0943951   -1.4727925438e-07    2.1499165959e-07
   3.1415927   2.6179939   -1.4727925438e-07    2.1499165959e-07
   3.1415927   3.1415927   -1.4727925438e-07    2.1499165959e-07
   3.1415927   3.6651914   -1.4727925438e-07    2.1499165959e-07
   3.1415927   4.1887902   -1.4727925438e-07    2.1499165959e-07
   3.1415927   4.7123890   -1.4727925438e-07    2.1499165959e-07
   3.1415927   5.2359878   -1.4727925438e-07    2.1499165959e-07
   3.1415927   5.7595865   -1.4727925438e-07    2.1499165959e-07


