#   time = 23.437500,       r = 80.000000
#      theta         phi            Weyl4_Re            Weyl4_Im
   0.0000000   0.0000000   -1.4742973101e-07   -2.1520790927e-07
   0.0000000   0.5235988   -1.4742973101e-07   -2.1520790927e-07
   0.0000000   1.0471976   -1.4742973101e-07   -2.1520790927e-07
   0.0000000   1.5707963   -1.4742973101e-07   -2.1520790927e-07
   0.0000000   2.0943951   -1.4742973101e-07   -2.1520790927e-07
   0.0000000   2.6179939   -1.4742973101e-07   -2.1520790927e-07
   0.0000000   3.1415927   -1.4742973101e-07   -2.1520790927e-07
   0.0000000   3.6651914   -1.4742973101e-07   -2.1520790927e-07
   0.0000000   4.1887902   -1.4742973101e-07   -2.1520790927e-07
   0.0000000   4.7123890   -1.4742973101e-07   -2.1520790927e-07
   0.0000000   5.2359878   -1.4742973101e-07   -2.1520790927e-07
   0.0000000   5.7595865   -1.4742973101e-07   -2.1520790927e-07
   0.1745329   0.0000000    3.2969668459e-07    1.4620670716e-09
   0.1745329   0.5235988    2.0931524492e-07    3.4856562986e-07
   0.1745329   1.0471976   -2.3271880426e-07    4.0609617820e-07
   0.1745329   1.5707963   -4.9280486534e-07   -6.3724725484e-10
   0.1745329   2.0943951   -2.3323115939e-07   -4.0781320279e-07
   0.1745329   2.6179939    2.0969680925e-07   -3.4793817853e-07
   0.1745329   3.1415927    3.2997115805e-07   -1.1371761963e-09
   0.1745329   3.6651914    1.4247135600e-07    2.3302393886e-07
   0.1745329   4.1887902   -1.1769384517e-07    2.0592227044e-07
   0.1745329   4.7123890   -2.2167995192e-07    3.7738109474e-10
   0.1745329   5.2359878   -1.1740752258e-07   -2.0480322382e-07
   0.1745329   5.7595865    1.4231417825e-07   -2.3327705402e-07
   0.3490659   0.0000000    3.3114012257e-07    1.3801103381e-10
   0.3490659   0.5235988    2.6810769426e-07    4.1189084112e-07
   0.3490659   1.0471976   -3.0061055202e-07    5.9353154404e-07
   0.3490659   1.5707963   -7.4658296073e-07   -8.0325076338e-11
   0.3490659   2.0943951   -3.0087047557e-07   -5.9324347893e-07
   0.3490659   2.6179939    2.6806231191e-07   -4.1185747756e-07
   0.3490659   3.1415927    3.3114158465e-07   -1.3654020882e-10
   0.3490659   3.6651914    1.2216595903e-07    1.8773841391e-07
   0.3490659   4.1887902   -7.5317876742e-08    1.4836880054e-07
   0.3490659   4.7123890   -1.4844357837e-07    1.5195760947e-11
   0.3490659   5.2359878   -7.5257595450e-08   -1.4843786876e-07
   0.3490659   5.7595865    1.2218660662e-07   -1.8775301373e-07
   0.5235988   0.0000000    3.3122160891e-07    2.8964490304e-11
   0.5235988   0.5235988    3.5632847483e-07    4.7500670514e-07
   0.5235988   1.0471976   -3.6576757377e-07    8.7748255067e-07
   0.5235988   1.5707963   -1.1493215171e-06   -2.9510393069e-11
   0.5235988   2.0943951   -3.6565055291e-07   -8.7755151296e-07
   0.5235988   2.6179939    3.5631936195e-07   -4.7498199808e-07
   0.5235988   3.1415927    3.3122164315e-07   -2.8977450695e-11
   0.5235988   3.6651914    1.1163389644e-07    1.4878976056e-07
   0.5235988   4.1887902   -4.5143871512e-08    1.0826590774e-07
   0.5235988   4.7123890   -9.7263429935e-08    1.9607183374e-12
   0.5235988   5.2359878   -4.5155403348e-08   -1.0825840620e-07
   0.5235988   5.7595865    1.1163648313e-07   -1.4879662958e-07
   0.6981317   0.0000000    3.3122946743e-07    3.5262753738e-12
   0.6981317   0.5235988    4.7688611311e-07    5.2429159613e-07
   0.6981317   1.0471976   -3.7587232098e-07    1.3115506903e-06
   0.6981317   1.5707963   -1.8140947472e-06   -2.5326772853e-11
   0.6981317   2.0943951   -3.7586096970e-07   -1.3115605993e-06
   0.6981317   2.6179939    4.7688627166e-07   -5.2428724874e-07
   0.6981317   3.1415927    3.3122954145e-07   -3.5155528574e-12
   0.6981317   3.6651914    1.0521173766e-07    1.1568677024e-07
   0.6981317   4.1887902   -2.2623367427e-08    7.8891601858e-08
   0.6981317   4.7123890   -6.1468040706e-08    4.8252240298e-13
   0.6981317   5.2359878   -2.2623620758e-08   -7.8890729230e-08
   0.6981317   5.7595865    1.0521172397e-07   -1.1568747159e-07
   0.8726646   0.0000000    3.3122748542e-07   -5.7709790640e-12
   0.8726646   0.5235988    6.2987858432e-07    5.4204566421e-07
   0.8726646   1.0471976   -2.0872413004e-07    1.9419622924e-06
   0.8726646   1.5707963   -2.9411480387e-06   -4.9677411917e-11
   0.8726646   2.0943951   -2.0875510982e-07   -1.9419786180e-06
   0.8726646   2.6179939    6.2986518378e-07   -5.4203214762e-07
   0.8726646   3.1415927    3.3122702087e-07    5.7654270574e-12
   0.8726646   3.6651914    1.0141580541e-07    8.7295489873e-08
   0.8726646   4.1887902   -6.0963923628e-09    5.6608184072e-08
   0.8726646   4.7123890   -3.6581773963e-08    1.6875104960e-13
   0.8726646   5.2359878   -6.0961328197e-09   -5.6608030860e-08
   0.8726646   5.7595865    1.0141667612e-07   -8.7296896712e-08
   1.0471976   0.0000000    3.3122360684e-07   -8.9172502353e-12
   1.0471976   0.5235988    8.0447643483e-07    5.0653321953e-07
   1.0471976   1.0471976    3.9298426005e-07    2.7180483411e-06
   1.0471976   1.5707963   -4.7526377278e-06   -1.3896127785e-10
   1.0471976   2.0943951    3.9307020808e-07   -2.7179976579e-06
   1.0471976   2.6179939    8.0450243325e-07   -5.0654350905e-07
   1.0471976   3.1415927    3.3122424429e-07    8.9210390890e-12
   1.0471976   3.6651914    9.9236348966e-08    6.2504726952e-08
   1.0471976   4.1887902    5.6439868849e-09    3.9100524913e-08
   1.0471976   4.7123890   -1.9317441144e-08    7.2123559024e-14
   1.0471976   5.2359878    5.6435603501e-09   -3.9100295101e-08
   1.0471976   5.7595865    9.9235435525e-08   -6.2503737411e-08
   1.2217305   0.0000000    3.3122033553e-07   -8.2191386962e-12
   1.2217305   0.5235988    9.7463029833e-07    4.0039796762e-07
   1.2217305   1.0471976    1.7699922311e-06    3.2262680498e-06
   1.2217305   1.5707963   -6.3575038659e-06   -8.6733925318e-09
   1.2217305   2.0943951    1.7700200049e-06   -3.2268025448e-06
   1.2217305   2.6179939    9.7466749941e-07   -4.0040357821e-07
   1.2217305   3.1415927    3.3122007690e-07    8.2212837775e-12
   1.2217305   3.6651914    9.8040816391e-08    4.0291494635e-08
   1.2217305   4.1887902    1.3552117962e-08    2.4738427746e-08
   1.2217305   4.7123890   -7.9181586034e-09    3.2368682471e-14
   1.2217305   5.2359878    1.3552003707e-08   -2.4738475305e-08
   1.2217305   5.7595865    9.8040101015e-08   -4.0290900550e-08
   1.3962634   0.0000000    3.3121791831e-07   -4.8259708760e-12
   1.3962634   0.5235988    1.1019085446e-06    2.2309471896e-07
   1.3962634   1.0471976    3.7586143168e-06    2.4826714593e-06
   1.3962634   1.5707963   -1.4053160901e-05   -6.8212962515e-08
   1.3962634   2.0943951    3.7576653491e-06   -2.4816583256e-06
   1.3962634   2.6179939    1.1019180409e-06   -2.2309552659e-07
   1.3962634   3.1415927    3.3121863825e-07    4.8272672110e-12
   1.3962634   3.6651914    9.7456163445e-08    1.9740580163e-08
   1.3962634   4.1887902    1.7947488237e-08    1.1870879913e-08
   1.3962634   4.7123890   -2.0574615048e-09    1.3959151590e-14
   1.3962634   5.2359878    1.7947346612e-08   -1.1870844836e-08
   1.3962634   5.7595865    9.7456092948e-08   -1.9740578919e-08
   1.5707963   0.0000000    3.3121738488e-07   -2.1149119379e-17
   1.5707963   0.5235988    1.1494332040e-06   -7.4734677222e-13
   1.5707963   1.0471976    4.7544852206e-06   -1.0468114617e-10
   1.5707963   1.5707963   -1.7996054526e-09    7.8558733105e-08
   1.5707963   2.0943951    4.7581431552e-06    2.3383966679e-10
   1.5707963   2.6179939    1.1494624495e-06    7.5468707419e-13
   1.5707963   3.1415927    3.3121692835e-07   -2.4317639745e-17
   1.5707963   3.6651914    9.7281974257e-08   -1.9949709535e-14
   1.5707963   4.1887902    1.9317392910e-08   -1.0233253001e-14
   1.5707963   4.7123890   -1.5479422297e-12    3.9909161976e-19
   1.5707963   5.2359878    1.9317432914e-08    1.0243431511e-14
   1.5707963   5.7595865    9.7281699429e-08    2.0115499732e-14
   1.7453293   0.0000000    3.3121772781e-07    4.8264729615e-12
   1.7453293   0.5235988    1.1019052115e-06   -2.2309187562e-07
   1.7453293   1.0471976    3.7570598455e-06   -2.4810480927e-06
   1.7453293   1.5707963   -1.3514956130e-05    1.4836072931e-08
   1.7453293   2.0943951    3.7561182331e-06    2.4800063490e-06
   1.7453293   2.6179939    1.1019148752e-06    2.2309264028e-07
   1.7453293   3.1415927    3.3121845634e-07   -4.8271886251e-12
   1.7453293   3.6651914    9.7456076766e-08   -1.9740500220e-08
   1.7453293   4.1887902    1.7947379680e-08   -1.1870838594e-08
   1.7453293   4.7123890   -2.0575804553e-09   -1.3960571843e-14
   1.7453293   5.2359878    1.7947238057e-08    1.1870803497e-08
   1.7453293   5.7595865    9.7456006384e-08    1.9740497552e-08
   1.9198622   0.0000000    3.3122009870e-07    8.2208936552e-12
   1.9198622   0.5235988    9.7463354574e-07   -4.0038835927e-07
   1.9198622   1.0471976    1.7704680463e-06   -3.2266769551e-06
   1.9198622   1.5707963   -6.2648297453e-06    6.1708560053e-09
   1.9198622   2.0943951    1.7704693480e-06    3.2271124049e-06
   1.9198622   2.6179939    9.7466946790e-07    4.0039305201e-07
   1.9198622   3.1415927    3.3121985097e-07   -8.2209666321e-12
   1.9198622   3.6651914    9.8040821740e-08   -4.0291059954e-08
   1.9198622   4.1887902    1.3552187239e-08   -2.4738197012e-08
   1.9198622   4.7123890   -7.9180798804e-09   -3.2359567599e-14
   1.9198622   5.2359878    1.3552072987e-08    2.4738244548e-08
   1.9198622   5.7595865    9.8040108630e-08    4.0290467801e-08
   2.0943951   0.0000000    3.3122365360e-07    8.9192563807e-12
   2.0943951   0.5235988    8.0447806676e-07   -5.0653383097e-07
   2.0943951   1.0471976    3.9303943243e-07   -2.7180574223e-06
   2.0943951   1.5707963   -4.7562778579e-06    2.7093899547e-10
   2.0943951   2.0943951    3.9311231837e-07    2.7180338873e-06
   2.0943951   2.6179939    8.0450313747e-07    5.0654404679e-07
   2.0943951   3.1415927    3.3122428353e-07   -8.9209535642e-12
   2.0943951   3.6651914    9.9236372120e-08   -6.2504718751e-08
   2.0943951   4.1887902    5.6440227312e-09   -3.9100519466e-08
   2.0943951   4.7123890   -1.9317401244e-08   -7.2129517670e-14
   2.0943951   5.2359878    5.6435961418e-09    3.9100289670e-08
   2.0943951   5.7595865    9.9235461302e-08    6.2503724248e-08
   2.2689280   0.0000000    3.3122755359e-07    5.7677114263e-12
   2.2689280   0.5235988    6.2987966491e-07   -5.4204559285e-07
   2.2689280   1.0471976   -2.0875798571e-07   -1.9420134248e-06
   2.2689280   1.5707963   -2.9414996246e-06    4.7606434553e-11
   2.2689280   2.0943951   -2.0875504754e-07    1.9420020267e-06
   2.2689280   2.6179939    6.2986717399e-07    5.4203277544e-07
   2.2689280   3.1415927    3.3122711024e-07   -5.7654780775e-12
   2.2689280   3.6651914    1.0141589045e-07   -8.7295430695e-08
   2.2689280   4.1887902   -6.0962474494e-09   -5.6608148035e-08
   2.2689280   4.7123890   -3.6581609874e-08   -1.6874247898e-13
   2.2689280   5.2359878   -6.0959878676e-09    5.6607995018e-08
   2.2689280   5.7595865    1.0141676661e-07    8.7296843221e-08
   2.4434610   0.0000000    3.3122900374e-07   -3.5230249398e-12
   2.4434610   0.5235988    4.7688496800e-07   -5.2428777181e-07
   2.4434610   1.0471976   -3.7586171062e-07   -1.3114971659e-06
   2.4434610   1.5707963   -1.8139727105e-06    2.5388443073e-11
   2.4434610   2.0943951   -3.7585259230e-07    1.3115208773e-06
   2.4434610   2.6179939    4.7688509338e-07    5.2428346851e-07
   2.4434610   3.1415927    3.3122909905e-07    3.5156743162e-12
   2.4434610   3.6651914    1.0521165377e-07   -1.1568653411e-07
   2.4434610   4.1887902   -2.2623415777e-08   -7.8891476365e-08
   2.4434610   4.7123890   -6.1468091789e-08   -4.8257090575e-13
   2.4434610   5.2359878   -2.2623669842e-08    7.8890602348e-08
   2.4434610   5.7595865    1.0521163027e-07    1.1568724003e-07
   2.6179939   0.0000000    3.3122224622e-07   -2.8966444982e-11
   2.6179939   0.5235988    3.5632887879e-07   -4.7501048841e-07
   2.6179939   1.0471976   -3.6577681037e-07   -8.7749202794e-07
   2.6179939   1.5707963   -1.1493507910e-06    2.9518598244e-11
   2.6179939   2.0943951   -3.6565989451e-07    8.7756118645e-07
   2.6179939   2.6179939    3.5631972567e-07    4.7498579453e-07
   2.6179939   3.1415927    3.3122227284e-07    2.8977524886e-11
   2.6179939   3.6651914    1.1163391196e-07   -1.4879028089e-07
   2.6179939   4.1887902   -4.5144092672e-08   -1.0826621784e-07
   2.6179939   4.7123890   -9.7263704720e-08   -1.9605497169e-12
   2.6179939   5.2359878   -4.5155623792e-08    1.0825871865e-07
   2.6179939   5.7595865    1.1163650725e-07    1.4879714741e-07
   2.7925268   0.0000000    3.3113986382e-07   -1.3801296413e-10
   2.7925268   0.5235988    2.6810762683e-07   -4.1189013603e-07
   2.7925268   1.0471976   -3.0060949609e-07   -5.9353077149e-07
   2.7925268   1.5707963   -7.4658182550e-07    8.0325695252e-11
   2.7925268   2.0943951   -3.0086942787e-07    5.9324271001e-07
   2.7925268   2.6179939    2.6806225296e-07    4.1185677686e-07
   2.7925268   3.1415927    3.3114133685e-07    1.3654010640e-10
   2.7925268   3.6651914    1.2216594082e-07   -1.8773820215e-07
   2.7925268   4.1887902   -7.5317732320e-08   -1.4836865719e-07
   2.7925268   4.7123890   -1.4844338455e-07   -1.5195682099e-11
   2.7925268   5.2359878   -7.5257448567e-08    1.4843772692e-07
   2.7925268   5.7595865    1.2218658453e-07    1.8775279291e-07
   2.9670597   0.0000000    3.2969740219e-07   -1.4620720724e-09
   2.9670597   0.5235988    2.0931560612e-07   -3.4856677262e-07
   2.9670597   1.0471976   -2.3272002991e-07   -4.0609762805e-07
   2.9670597   1.5707963   -4.9280707270e-07    6.3724958511e-10
   2.9670597   2.0943951   -2.3323238598e-07    4.0781465548e-07
   2.9670597   2.6179939    2.0969717254e-07    3.4793932534e-07
   2.9670597   3.1415927    3.2997188471e-07    1.1371799087e-09
   2.9670597   3.6651914    1.4247154654e-07   -2.3302453896e-07
   2.9670597   4.1887902   -1.1769425704e-07   -2.0592274975e-07
   2.9670597   4.7123890   -2.2168057680e-07   -3.7738210001e-10
   2.9670597   5.2359878   -1.1740793442e-07    2.0480370244e-07
   2.9670597   5.7595865    1.4231436791e-07    2.3327764941e-07
   3.1415927   0.0000000   -1.4742953028e-07    2.1520760797e-07
   3.1415927   0.5235988   -1.4742953028e-07    2.1520760797e-07
   3.1415927   1.0471976   -1.4742953028e-07    2.1520760797e-07
   3.1415927   1.5707963   -1.4742953028e-07    2.1520760797e-07
   3.1415927   2.0943951   -1.4742953028e-07    2.1520760797e-07
   3.1415927   2.6179939   -1.4742953028e-07    2.1520760797e-07
   3.1415927   3.1415927   -1.4742953028e-07    2.1520760797e-07
   3.1415927   3.6651914   -1.4742953028e-07    2.1520760797e-07
   3.1415927   4.1887902   -1.4742953028e-07    2.1520760797e-07
   3.1415927   4.7123890   -1.4742953028e-07    2.1520760797e-07
   3.1415927   5.2359878   -1.4742953028e-07    2.1520760797e-07
   3.1415927   5.7595865   -1.4742953028e-07    2.1520760797e-07


