#    time = 2.343750,       r = 80.000000
#      theta         phi            Weyl4_Re            Weyl4_Im
   0.0000000   0.0000000   -1.4810155688e-07   -2.1617165348e-07
   0.0000000   0.5235988   -1.4810155688e-07   -2.1617165348e-07
   0.0000000   1.0471976   -1.4810155688e-07   -2.1617165348e-07
   0.0000000   1.5707963   -1.4810155688e-07   -2.1617165348e-07
   0.0000000   2.0943951   -1.4810155688e-07   -2.1617165348e-07
   0.0000000   2.6179939   -1.4810155688e-07   -2.1617165348e-07
   0.0000000   3.1415927   -1.4810155688e-07   -2.1617165348e-07
   0.0000000   3.6651914   -1.4810155688e-07   -2.1617165348e-07
   0.0000000   4.1887902   -1.4810155688e-07   -2.1617165348e-07
   0.0000000   4.7123890   -1.4810155688e-07   -2.1617165348e-07
   0.0000000   5.2359878   -1.4810155688e-07   -2.1617165348e-07
   0.0000000   5.7595865   -1.4810155688e-07   -2.1617165348e-07
   0.1745329   0.0000000    3.3114379056e-07    1.4701505281e-09
   0.1745329   0.5235988    2.1031610028e-07    3.5030348257e-07
   0.1745329   1.0471976   -2.3402420913e-07    4.0828684111e-07
   0.1745329   1.5707963   -4.9559833657e-07   -6.4126766999e-10
   0.1745329   2.0943951   -2.3453948355e-07   -4.1001347045e-07
   0.1745329   2.6179939    2.1069980163e-07   -3.4967284514e-07
   0.1745329   3.1415927    3.3141955026e-07   -1.1436315977e-09
   0.1745329   3.6651914    1.4302586129e-07    2.3396864113e-07
   0.1745329   4.1887902   -1.1816120399e-07    2.0669813713e-07
   0.1745329   4.7123890   -2.2251239847e-07    3.7880414193e-10
   0.1745329   5.2359878   -1.1787349950e-07   -2.0557450119e-07
   0.1745329   5.7595865    1.4286803874e-07   -2.3422285824e-07
   0.3490659   0.0000000    3.3259237862e-07    1.3822019961e-10
   0.3490659   0.5235988    2.6956935115e-07    4.1421468988e-07
   0.3490659   1.0471976   -3.0277248491e-07    5.9765117826e-07
   0.3490659   1.5707963   -7.5231861014e-07   -8.1135133655e-11
   0.3490659   2.0943951   -3.0303487897e-07   -5.9736042764e-07
   0.3490659   2.6179939    2.6952362919e-07   -4.1418104914e-07
   0.3490659   3.1415927    3.3259385952e-07   -1.3673677726e-10
   0.3490659   3.6651914    1.2260019025e-07    1.8843824932e-07
   0.3490659   4.1887902   -7.5583768071e-08    1.4886212277e-07
   0.3490659   4.7123890   -1.4893207454e-07    1.5257200277e-11
   0.3490659   5.2359878   -7.5523226444e-08   -1.4893148944e-07
   0.3490659   5.7595865    1.2262093381e-07   -1.8845291663e-07
   0.5235988   0.0000000    3.3267352174e-07    2.8440028542e-11
   0.5235988   0.5235988    3.5856106285e-07    4.7806730395e-07
   0.5235988   1.0471976   -3.6932304955e-07    8.8571407836e-07
   0.5235988   1.5707963   -1.1622840944e-06   -3.0103338765e-11
   0.5235988   2.0943951   -3.6920396794e-07   -8.8578418605e-07
   0.5235988   2.6179939    3.5855177028e-07   -4.7804227149e-07
   0.5235988   3.1415927    3.3267355104e-07   -2.8451277763e-11
   0.5235988   3.6651914    1.1200521901e-07    1.4930779027e-07
   0.5235988   4.1887902   -4.5291363417e-08    1.0859418656e-07
   0.5235988   4.7123890   -9.7555043856e-08    1.9694839373e-12
   0.5235988   5.2359878   -4.5302953757e-08   -1.0858665270e-07
   0.5235988   5.7595865    1.1200782992e-07   -1.4931470004e-07
   0.6981317   0.0000000    3.3268084897e-07    3.1172380340e-12
   0.6981317   0.5235988    4.8032807746e-07    5.2816444468e-07
   0.6981317   1.0471976   -3.8108766644e-07    1.3289512434e-06
   0.6981317   1.5707963   -1.8467674968e-06   -2.6247508071e-11
   0.6981317   2.0943951   -3.8107720699e-07   -1.3289746165e-06
   0.6981317   2.6179939    4.8032823399e-07   -5.2816006622e-07
   0.6981317   3.1415927    3.3268095550e-07   -3.1097496487e-12
   0.6981317   3.6651914    1.0554392312e-07    1.1606776804e-07
   0.6981317   4.1887902   -2.2692981618e-08    7.9109495445e-08
   0.6981317   4.7123890   -6.1648234937e-08    4.8508901975e-13
   0.6981317   5.2359878   -2.2693237496e-08   -7.9108616558e-08
   0.6981317   5.7595865    1.0554389916e-07   -1.1606847964e-07
   0.8726646   0.0000000    3.3267874328e-07   -5.7809251192e-12
   0.8726646   0.5235988    6.3508948919e-07    5.4661931057e-07
   0.8726646   1.0471976   -2.1322634453e-07    1.9798223576e-06
   0.8726646   1.5707963   -3.0364649980e-06   -4.4957189109e-11
   0.8726646   2.0943951   -2.1323712135e-07   -1.9798443986e-06
   0.8726646   2.6179939    6.3507611676e-07   -5.4660615129e-07
   0.8726646   3.1415927    3.3267827278e-07    5.7786494261e-12
   0.8726646   3.6651914    1.0172348364e-07    8.7570690549e-08
   0.8726646   4.1887902   -6.1213452038e-09    5.6787892519e-08
   0.8726646   4.7123890   -3.6593507919e-08    1.6940151687e-13
   0.8726646   5.2359878   -6.1210839701e-09   -5.6787738130e-08
   0.8726646   5.7595865    1.0172437208e-07   -8.7572115546e-08
   1.0471976   0.0000000    3.3267518236e-07   -8.6059778751e-12
   1.0471976   0.5235988    8.1200062002e-07    5.1135520666e-07
   1.0471976   1.0471976    4.0409138263e-07    2.7968258991e-06
   1.0471976   1.5707963   -5.1402932577e-06    5.7279823757e-12
   1.0471976   2.0943951    4.0323054580e-07   -2.7963513197e-06
   1.0471976   2.6179939    8.1202710477e-07   -5.1136534004e-07
   1.0471976   3.1415927    3.3267584482e-07    8.6075846551e-12
   1.0471976   3.6651914    9.9529310437e-08    6.2695841039e-08
   1.0471976   4.1887902    5.6531747439e-09    3.9187657475e-08
   1.0471976   4.7123890   -1.9436594321e-08    7.2779107781e-14
   1.0471976   5.2359878    5.6527448837e-09   -3.9187426823e-08
   1.0471976   5.7595865    9.9528383655e-08   -6.2694838211e-08
   1.2217305   0.0000000    3.3267232958e-07   -7.8287704861e-12
   1.2217305   0.5235988    9.8468874528e-07    4.0460083066e-07
   1.2217305   1.0471976    1.8420787644e-06    3.3615303758e-06
   1.2217305   1.5707963   -8.3111060540e-06    2.7777776467e-11
   1.2217305   2.0943951    1.8420885783e-06   -3.3619429308e-06
   1.2217305   2.6179939    9.8472437500e-07   -4.0460323966e-07
   1.2217305   3.1415927    3.3267208090e-07    7.8286042737e-12
   1.2217305   3.6651914    9.8325191295e-08    4.0412219453e-08
   1.2217305   4.1887902    1.3489940981e-08    2.4629417841e-08
   1.2217305   4.7123890   -8.2968833242e-09    3.3817333580e-14
   1.2217305   5.2359878    1.3489826615e-08   -2.4629465835e-08
   1.2217305   5.7595865    9.8324460557e-08   -4.0411622266e-08
   1.3962634   0.0000000    3.3267029065e-07   -4.5781656798e-12
   1.3962634   0.5235988    1.1140370451e-06    2.2558922672e-07
   1.3962634   1.0471976    3.9648127260e-06    2.6203992372e-06
   1.3962634   1.5707963   -8.0677772270e-06    1.3715981975e-10
   1.3962634   2.0943951    3.9650969053e-06   -2.6210031576e-06
   1.3962634   2.6179939    1.1140395573e-06   -2.2558800884e-07
   1.3962634   3.1415927    3.3267103388e-07    4.5785630105e-12
   1.3962634   3.6651914    9.7735781508e-08    1.9799005047e-08
   1.3962634   4.1887902    1.7972852569e-08    1.1888947938e-08
   1.3962634   4.7123890   -2.0263074653e-09    1.3830178869e-14
   1.3962634   5.2359878    1.7972709696e-08   -1.1888912729e-08
   1.3962634   5.7595865    9.7735707686e-08   -1.9799004130e-08
   1.5707963   0.0000000    3.3266989765e-07    2.0155081639e-17
   1.5707963   0.5235988    1.1623709165e-06   -7.9162241578e-13
   1.5707963   1.0471976    5.1401778486e-06    3.1783528162e-12
   1.5707963   1.5707963   -1.8108736883e-09    4.6284485283e-11
   1.5707963   2.0943951    5.1393665264e-06    7.0864994216e-11
   1.5707963   2.6179939    1.1623921343e-06    7.9138976228e-13
   1.5707963   3.1415927    3.3266944232e-07   -1.9517231257e-17
   1.5707963   3.6651914    9.7559965221e-08   -2.0247212040e-14
   1.5707963   4.1887902    1.9433390599e-08   -1.0382034056e-14
   1.5707963   4.7123890   -1.5650847278e-12    2.7450122541e-19
   1.5707963   5.2359878    1.9433430835e-08    1.0382157746e-14
   1.5707963   5.7595865    9.7559681435e-08    2.0253746322e-14
   1.7453293   0.0000000    3.3267010064e-07    4.5780896635e-12
   1.7453293   0.5235988    1.1140337114e-06   -2.2558619329e-07
   1.7453293   1.0471976    3.9647848547e-06   -2.6204294084e-06
   1.7453293   1.5707963   -8.0683437510e-06   -1.3729406207e-10
   1.7453293   2.0943951    3.9650002418e-06    2.6207767188e-06
   1.7453293   2.6179939    1.1140362237e-06    2.2558497549e-07
   1.7453293   3.1415927    3.3267084386e-07   -4.5784839287e-12
   1.7453293   3.6651914    9.7735693477e-08   -1.9798923888e-08
   1.7453293   4.1887902    1.7972743381e-08   -1.1888906160e-08
   1.7453293   4.7123890   -2.0264252380e-09   -1.3824586434e-14
   1.7453293   5.2359878    1.7972600493e-08    1.1888870956e-08
   1.7453293   5.7595865    9.7735619632e-08    1.9798922964e-08
   1.9198622   0.0000000    3.3267210271e-07    7.8285018019e-12
   1.9198622   0.5235988    9.8469108469e-07   -4.0459003714e-07
   1.9198622   1.0471976    1.8417398190e-06   -3.3616160866e-06
   1.9198622   1.5707963   -8.3212283414e-06    1.0780482204e-10
   1.9198622   2.0943951    1.8423908156e-06    3.3618227609e-06
   1.9198622   2.6179939    9.8472671208e-07    4.0459244595e-07
   1.9198622   3.1415927    3.3267185405e-07   -7.8283341863e-12
   1.9198622   3.6651914    9.8325196915e-08   -4.0411778632e-08
   1.9198622   4.1887902    1.3490011197e-08   -2.4629185513e-08
   1.9198622   4.7123890   -8.2968010803e-09   -3.3817163946e-14
   1.9198622   5.2359878    1.3489896838e-08    2.4629233508e-08
   1.9198622   5.7595865    9.8324466235e-08    4.0411181459e-08
   2.0943951   0.0000000    3.3267522436e-07    8.6060027005e-12
   2.0943951   0.5235988    8.1200132442e-07   -5.1135570788e-07
   2.0943951   1.0471976    4.0344651484e-07   -2.7966059318e-06
   2.0943951   1.5707963   -5.1391644428e-06    1.3816881723e-10
   2.0943951   2.0943951    4.0360080196e-07    2.7965514362e-06
   2.0943951   2.6179939    8.1202780932e-07    5.1136584140e-07
   2.0943951   3.1415927    3.3267588683e-07   -8.6076061015e-12
   2.0943951   3.6651914    9.9529334079e-08   -6.2695833060e-08
   2.0943951   4.1887902    5.6532108649e-09   -3.9187652069e-08
   2.0943951   4.7123890   -1.9436554068e-08   -7.2778037764e-14
   2.0943951   5.2359878    5.6527809979e-09    3.9187421420e-08
   2.0943951   5.7595865    9.9528407284e-08    6.2694830223e-08
   2.2689280   0.0000000    3.3267884384e-07    5.7809701361e-12
   2.2689280   0.5235988    6.3509147315e-07   -5.4661988376e-07
   2.2689280   1.0471976   -2.1322143685e-07   -1.9798455131e-06
   2.2689280   1.5707963   -3.0366126956e-06    4.4964125154e-11
   2.2689280   2.0943951   -2.1323305467e-07    1.9798688526e-06
   2.2689280   2.6179939    6.3507810045e-07    5.4660672451e-07
   2.2689280   3.1415927    3.3267837334e-07   -5.7786931615e-12
   2.2689280   3.6651914    1.0172357066e-07   -8.7570631502e-08
   2.2689280   4.1887902   -6.1211988653e-09   -5.6787856312e-08
   2.2689280   4.7123890   -3.6593342705e-08   -1.6940078766e-13
   2.2689280   5.2359878   -6.1209376165e-09    5.6787701927e-08
   2.2689280   5.7595865    1.0172445911e-07    8.7572056496e-08
   2.4434610   0.0000000    3.3268037940e-07   -3.1173600748e-12
   2.4434610   0.5235988    4.8032682749e-07   -5.2816040889e-07
   2.4434610   1.0471976   -3.8107370372e-07   -1.3289325360e-06
   2.4434610   1.5707963   -1.8467256711e-06    2.6247745791e-11
   2.4434610   2.0943951   -3.8106324396e-07    1.3289559097e-06
   2.4434610   2.6179939    4.8032698400e-07    5.2815603050e-07
   2.4434610   3.1415927    3.3268048592e-07    3.1098711766e-12
   2.4434610   3.6651914    1.0554383560e-07   -1.1606752292e-07
   2.4434610   4.1887902   -2.2693028635e-08   -7.9109366093e-08
   2.4434610   4.7123890   -6.1648284040e-08   -4.8507982066e-13
   2.4434610   5.2359878   -2.2693284514e-08    7.9108487226e-08
   2.4434610   5.7595865    1.0554381165e-07    1.1606823451e-07
   2.6179939   0.0000000    3.3267418402e-07   -2.8440060188e-11
   2.6179939   0.5235988    3.5856142971e-07   -4.7807128420e-07
   2.6179939   1.0471976   -3.6933294983e-07   -8.8572412489e-07
   2.6179939   1.5707963   -1.1623053148e-06    3.0103376921e-11
   2.6179939   2.0943951   -3.6921386778e-07    8.8579423384e-07
   2.6179939   2.6179939    3.5855213720e-07    4.7804625159e-07
   2.6179939   3.1415927    3.3267421331e-07    2.8451311423e-11
   2.6179939   3.6651914    1.1200523834e-07   -1.4930832833e-07
   2.6179939   4.1887902   -4.5291591400e-08   -1.0859450577e-07
   2.6179939   4.7123890   -9.7555327605e-08   -1.9694860199e-12
   2.6179939   5.2359878   -4.5303181769e-08    1.0858697187e-07
   2.6179939   5.7595865    1.1200784923e-07    1.4931523812e-07
   2.7925268   0.0000000    3.3259212992e-07   -1.3821999767e-10
   2.7925268   0.5235988    2.6956931109e-07   -4.1421399052e-07
   2.7925268   1.0471976   -3.0277131734e-07   -5.9765020002e-07
   2.7925268   1.5707963   -7.5231670371e-07    8.1135137510e-11
   2.7925268   2.0943951   -3.0303371138e-07    5.9735944961e-07
   2.7925268   2.6179939    2.6952358917e-07    4.1418034979e-07
   2.7925268   3.1415927    3.3259361080e-07    1.3673657835e-10
   2.7925268   3.6651914    1.2260017134e-07   -1.8843803185e-07
   2.7925268   4.1887902   -7.5583619945e-08   -1.4886197529e-07
   2.7925268   4.7123890   -1.4893187574e-07   -1.5257188189e-11
   2.7925268   5.2359878   -7.5523078359e-08    1.4893134193e-07
   2.7925268   5.7595865    1.2262091486e-07    1.8845269915e-07
   2.9670597   0.0000000    3.3114453127e-07   -1.4701550561e-09
   2.9670597   0.5235988    2.1031645660e-07   -3.5030463634e-07
   2.9670597   1.0471976   -2.3402543086e-07   -4.0828825394e-07
   2.9670597   1.5707963   -4.9560051473e-07    6.4126935267e-10
   2.9670597   2.0943951   -2.3454070655e-07    4.1001488767e-07
   2.9670597   2.6179939    2.1070015890e-07    3.4967399734e-07
   2.9670597   3.1415927    3.3142029156e-07    1.1436353575e-09
   2.9670597   3.6651914    1.4302605663e-07   -2.3396925738e-07
   2.9670597   4.1887902   -1.1816162790e-07   -2.0669863152e-07
   2.9670597   4.7123890   -2.2251304213e-07   -3.7880477287e-10
   2.9670597   5.2359878   -1.1787392281e-07    2.0557499346e-07
   2.9670597   5.7595865    1.4286823380e-07    2.3422347503e-07
   3.1415927   0.0000000   -1.4810135598e-07    2.1617135452e-07
   3.1415927   0.5235988   -1.4810135598e-07    2.1617135452e-07
   3.1415927   1.0471976   -1.4810135598e-07    2.1617135452e-07
   3.1415927   1.5707963   -1.4810135598e-07    2.1617135452e-07
   3.1415927   2.0943951   -1.4810135598e-07    2.1617135452e-07
   3.1415927   2.6179939   -1.4810135598e-07    2.1617135452e-07
   3.1415927   3.1415927   -1.4810135598e-07    2.1617135452e-07
   3.1415927   3.6651914   -1.4810135598e-07    2.1617135452e-07
   3.1415927   4.1887902   -1.4810135598e-07    2.1617135452e-07
   3.1415927   4.7123890   -1.4810135598e-07    2.1617135452e-07
   3.1415927   5.2359878   -1.4810135598e-07    2.1617135452e-07
   3.1415927   5.7595865   -1.4810135598e-07    2.1617135452e-07


