#   time = 32.812500,       r = 80.000000
#      theta         phi            Weyl4_Re            Weyl4_Im
   0.0000000   0.0000000   -1.4712893047e-07   -2.1477549999e-07
   0.0000000   0.5235988   -1.4712893047e-07   -2.1477549999e-07
   0.0000000   1.0471976   -1.4712893047e-07   -2.1477549999e-07
   0.0000000   1.5707963   -1.4712893047e-07   -2.1477549999e-07
   0.0000000   2.0943951   -1.4712893047e-07   -2.1477549999e-07
   0.0000000   2.6179939   -1.4712893047e-07   -2.1477549999e-07
   0.0000000   3.1415927   -1.4712893047e-07   -2.1477549999e-07
   0.0000000   3.6651914   -1.4712893047e-07   -2.1477549999e-07
   0.0000000   4.1887902   -1.4712893047e-07   -2.1477549999e-07
   0.0000000   4.7123890   -1.4712893047e-07   -2.1477549999e-07
   0.0000000   5.2359878   -1.4712893047e-07   -2.1477549999e-07
   0.0000000   5.7595865   -1.4712893047e-07   -2.1477549999e-07
   0.1745329   0.0000000    3.2904700867e-07    1.4585353260e-09
   0.1745329   0.5235988    2.0886503740e-07    3.4778548454e-07
   0.1745329   1.0471976   -2.3213334480e-07    4.0511171267e-07
   0.1745329   1.5707963   -4.9155046926e-07   -6.3543382483e-10
   0.1745329   2.0943951   -2.3264439683e-07   -4.0682442491e-07
   0.1745329   2.6179939    2.0924565118e-07   -3.4715946175e-07
   0.1745329   3.1415927    3.2932091336e-07   -1.1343727926e-09
   0.1745329   3.6651914    1.4222234907e-07    2.3260033424e-07
   0.1745329   4.1887902   -1.1748477064e-07    2.0557464048e-07
   0.1745329   4.7123890   -2.2130733100e-07    3.7674035407e-10
   0.1745329   5.2359878   -1.1719905682e-07   -2.0445764422e-07
   0.1745329   5.7595865    1.4206545454e-07   -2.3285294923e-07
   0.3490659   0.0000000    3.3048817671e-07    1.3804723424e-10
   0.3490659   0.5235988    2.6744980700e-07    4.1084720455e-07
   0.3490659   1.0471976   -2.9964045536e-07    5.9167920210e-07
   0.3490659   1.5707963   -7.4399881687e-07   -7.9947151189e-11
   0.3490659   2.0943951   -2.9989922888e-07   -5.9139223649e-07
   0.3490659   2.6179939    2.6740468906e-07   -4.1081404750e-07
   0.3490659   3.1415927    3.3048964560e-07   -1.3658091258e-10
   0.3490659   3.6651914    1.2197120927e-07    1.8742492411e-07
   0.3490659   4.1887902   -7.5198594840e-08    1.4814708114e-07
   0.3490659   4.7123890   -1.4822698221e-07    1.5169303016e-11
   0.3490659   5.2359878   -7.5138416707e-08   -1.4821601200e-07
   0.3490659   5.7595865    1.2199177753e-07   -1.8743948202e-07
   0.5235988   0.0000000    3.3056987894e-07    2.9347099522e-11
   0.5235988   0.5235988    3.5532356851e-07    4.7363206399e-07
   0.5235988   1.0471976   -3.6417212574e-07    8.7379511319e-07
   0.5235988   1.5707963   -1.1434719068e-06   -2.8961636207e-11
   0.5235988   2.0943951   -3.6405595163e-07   -8.7386256166e-07
   0.5235988   2.6179939    3.5531455776e-07   -4.7360722672e-07
   0.5235988   3.1415927    3.3056992711e-07   -2.9331009864e-11
   0.5235988   3.6651914    1.1146694986e-07    1.4855700915e-07
   0.5235988   4.1887902   -4.5077880410e-08    1.0811909141e-07
   0.5235988   4.7123890   -9.7086516534e-08    1.9592666352e-12
   0.5235988   5.2359878   -4.5089368266e-08   -1.0811161719e-07
   0.5235988   5.7595865    1.1146952344e-07   -1.4856381043e-07
   0.6981317   0.0000000    3.3057813449e-07    3.7479825130e-12
   0.6981317   0.5235988    4.7533637723e-07    5.2254902352e-07
   0.6981317   1.0471976   -3.7352102198e-07    1.3036891399e-06
   0.6981317   1.5707963   -1.7967974338e-06   -2.1526050197e-11
   0.6981317   2.0943951   -3.7352014995e-07   -1.3037039887e-06
   0.6981317   2.6179939    4.7533672459e-07   -5.2254621172e-07
   0.6981317   3.1415927    3.3057808334e-07   -3.7610781012e-12
   0.6981317   3.6651914    1.0506306737e-07    1.1551642758e-07
   0.6981317   4.1887902   -2.2594068666e-08    7.8799196820e-08
   0.6981317   4.7123890   -6.1614685246e-08    4.8200227867e-13
   0.6981317   5.2359878   -2.2594324325e-08   -7.8798339942e-08
   0.6981317   5.7595865    1.0506307401e-07   -1.1551717994e-07
   0.8726646   0.0000000    3.3057621909e-07   -5.7473325375e-12
   0.8726646   0.5235988    6.2752584888e-07    5.3998458119e-07
   0.8726646   1.0471976   -2.0683925073e-07    1.9238225654e-06
   0.8726646   1.5707963   -2.8429944763e-06    9.5347098741e-11
   0.8726646   2.0943951   -2.0685434118e-07   -1.9239101492e-06
   0.8726646   2.6179939    6.2751796564e-07   -5.3997537158e-07
   0.8726646   3.1415927    3.3057563025e-07    5.7654303438e-12
   0.8726646   3.6651914    1.0128389645e-07    8.7177670818e-08
   0.8726646   4.1887902   -6.0988922917e-09    5.6658200055e-08
   0.8726646   4.7123890   -3.5639935656e-08    1.6497517076e-13
   0.8726646   5.2359878   -6.0986292181e-09   -5.6658042018e-08
   0.8726646   5.7595865    1.0128474881e-07   -8.7179037710e-08
   1.0471976   0.0000000    3.3057205869e-07   -9.1537925567e-12
   1.0471976   0.5235988    8.0108217666e-07    5.0437544105e-07
   1.0471976   1.0471976    3.8863660658e-07    2.6837530832e-06
   1.0471976   1.5707963   -4.1499362721e-06    2.2403306921e-09
   1.0471976   2.0943951    3.8854765693e-07   -2.6826695782e-06
   1.0471976   2.6179939    8.0111414477e-07   -5.0437473012e-07
   1.0471976   3.1415927    3.3057266202e-07    9.1326042435e-12
   1.0471976   3.6651914    9.9105217466e-08    6.2419230873e-08
   1.0471976   4.1887902    5.5035995754e-09    3.8116993799e-08
   1.0471976   4.7123890   -2.1137368011e-08    7.7651943382e-14
   1.0471976   5.2359878    5.5031836641e-09   -3.8116768215e-08
   1.0471976   5.7595865    9.9104330965e-08   -6.2418241534e-08
   1.2217305   0.0000000    3.3056855395e-07   -8.4839859136e-12
   1.2217305   0.5235988    9.7012609592e-07    3.9854214444e-07
   1.2217305   1.0471976    1.7661256083e-06    3.2199700337e-06
   1.2217305   1.5707963   -9.2998957005e-06   -5.9764217118e-09
   1.2217305   2.0943951    1.7654122114e-06   -3.2237902128e-06
   1.2217305   2.6179939    9.7013860593e-07   -3.9851369084e-07
   1.2217305   3.1415927    3.3056826214e-07    8.4956362266e-12
   1.2217305   3.6651914    9.7892440638e-08    4.0228501535e-08
   1.2217305   4.1887902    1.3551866989e-08    2.4741108922e-08
   1.2217305   4.7123890   -8.2304870651e-09    3.3542904793e-14
   1.2217305   5.2359878    1.3551751702e-08   -2.4741149761e-08
   1.2217305   5.7595865    9.7891756350e-08   -4.0227924831e-08
   1.3962634   0.0000000    3.3056594227e-07   -5.0022342676e-12
   1.3962634   0.5235988    1.0964486038e-06    2.2197316422e-07
   1.3962634   1.0471976    3.5726635775e-06    2.3965206187e-06
   1.3962634   1.5707963    5.7299073670e-09   -8.9379232923e-08
   1.3962634   2.0943951    3.5563639315e-06   -2.3780160708e-06
   1.3962634   2.6179939    1.0964103899e-06   -2.2195284993e-07
   1.3962634   3.1415927    3.3056658399e-07    5.0100894725e-12
   1.3962634   3.6651914    9.7289702046e-08    1.9705851430e-08
   1.3962634   4.1887902    1.9208608351e-08    1.2707710736e-08
   1.3962634   4.7123890   -1.5611014573e-09    1.1069801856e-14
   1.3962634   5.2359878    1.9208474771e-08   -1.2707677386e-08
   1.3962634   5.7595865    9.7289653096e-08   -1.9705856731e-08
   1.5707963   0.0000000    3.3056532790e-07   -6.1809000898e-16
   1.5707963   0.5235988    1.1435910977e-06   -4.2834577024e-13
   1.5707963   1.0471976    4.1514777592e-06    2.2472399394e-09
   1.5707963   1.5707963   -2.4098651894e-10   -3.4333279446e-08
   1.5707963   2.0943951    4.1665645617e-06   -2.4476878075e-09
   1.5707963   2.6179939    1.1435764897e-06    5.6857412272e-13
   1.5707963   3.1415927    3.3056479290e-07   -3.6656650530e-17
   1.5707963   3.6651914    9.7110957758e-08   -1.9812176896e-14
   1.5707963   4.1887902    2.1139035303e-08   -1.0842926184e-14
   1.5707963   4.7123890   -1.5393440711e-12    2.7403240037e-18
   1.5707963   5.2359878    2.1139097440e-08    1.1326991104e-14
   1.5707963   5.7595865    9.7110696807e-08    2.3562445627e-14
   1.7453293   0.0000000    3.3056575927e-07    5.0012189729e-12
   1.7453293   0.5235988    1.0964449324e-06   -2.2197156093e-07
   1.7453293   1.0471976    3.5656882361e-06   -2.3952519628e-06
   1.7453293   1.5707963   -1.4097542664e-07    7.7299956795e-08
   1.7453293   2.0943951    3.5470723307e-06    2.3739853020e-06
   1.7453293   2.6179939    1.0964085229e-06    2.2195056582e-07
   1.7453293   3.1415927    3.3056640525e-07   -5.0099508027e-12
   1.7453293   3.6651914    9.7289615995e-08   -1.9705772042e-08
   1.7453293   4.1887902    1.9208493920e-08   -1.2707667679e-08
   1.7453293   4.7123890   -1.5611958874e-09   -1.1077862240e-14
   1.7453293   5.2359878    1.9208360667e-08    1.2707632524e-08
   1.7453293   5.7595865    9.7289564389e-08    1.9705761951e-08
   1.9198622   0.0000000    3.3056832806e-07    8.4867085568e-12
   1.9198622   0.5235988    9.7011579019e-07   -3.9851814195e-07
   1.9198622   1.0471976    1.7695488078e-06   -3.2240038445e-06
   1.9198622   1.5707963   -9.0558796593e-06    7.9847728314e-10
   1.9198622   2.0943951    1.7693931959e-06    3.2286574184e-06
   1.9198622   2.6179939    9.7014100869e-07    3.9850308703e-07
   1.9198622   3.1415927    3.3056803803e-07   -8.4948889973e-12
   1.9198622   3.6651914    9.7892445880e-08   -4.0228069634e-08
   1.9198622   4.1887902    1.3551935734e-08   -2.4740879136e-08
   1.9198622   4.7123890   -8.2304063915e-09   -3.3530518375e-14
   1.9198622   5.2359878    1.3551820551e-08    2.4740918996e-08
   1.9198622   5.7595865    9.7891743933e-08    4.0227474320e-08
   2.0943951   0.0000000    3.3057211906e-07    9.1281808075e-12
   2.0943951   0.5235988    8.0108841512e-07   -5.0436364745e-07
   2.0943951   1.0471976    3.8837478222e-07   -2.6824637101e-06
   2.0943951   1.5707963   -4.1649184163e-06   -2.4284586545e-09
   2.0943951   2.0943951    3.8829747004e-07    2.6814501045e-06
   2.0943951   2.6179939    8.0111340807e-07    5.0437397656e-07
   2.0943951   3.1415927    3.3057271099e-07   -9.1310010235e-12
   2.0943951   3.6651914    9.9105240346e-08   -6.2419222549e-08
   2.0943951   4.1887902    5.5036346781e-09   -3.8116988408e-08
   2.0943951   4.7123890   -2.1137325379e-08   -7.7731951925e-14
   2.0943951   5.2359878    5.5032185240e-09    3.8116764970e-08
   2.0943951   5.7595865    9.9104336676e-08    6.2418231277e-08
   2.2689280   0.0000000    3.3057616152e-07    5.7703343783e-12
   2.2689280   0.5235988    6.2753297764e-07   -5.3998729309e-07
   2.2689280   1.0471976   -2.0676098030e-07   -1.9240223939e-06
   2.2689280   1.5707963   -2.8526039842e-06   -7.8380093048e-11
   2.2689280   2.0943951   -2.0679705466e-07    1.9240567286e-06
   2.2689280   2.6179939    6.2752026160e-07    5.3997532438e-07
   2.2689280   3.1415927    3.3057571857e-07   -5.7671456912e-12
   2.2689280   3.6651914    1.0128398080e-07   -8.7177611672e-08
   2.2689280   4.1887902   -6.0987477902e-09   -5.6658164035e-08
   2.2689280   4.7123890   -3.5639775071e-08   -1.6473403546e-13
   2.2689280   5.2359878   -6.0984885313e-09    5.6658011328e-08
   2.2689280   5.7595865    1.0128485064e-07    8.7179018343e-08
   2.4434610   0.0000000    3.3057754722e-07   -3.7653612026e-12
   2.4434610   0.5235988    4.7533507083e-07   -5.2254694275e-07
   2.4434610   1.0471976   -3.7354994933e-07   -1.3036822767e-06
   2.4434610   1.5707963   -1.7972503137e-06    1.9938154374e-11
   2.4434610   2.0943951   -3.7352743833e-07    1.3036990914e-06
   2.4434610   2.6179939    4.7533530292e-07    5.2254258433e-07
   2.4434610   3.1415927    3.3057764133e-07    3.7599049156e-12
   2.4434610   3.6651914    1.0506298511e-07   -1.1551619546e-07
   2.4434610   4.1887902   -2.2594117594e-08   -7.8799072982e-08
   2.4434610   4.7123890   -6.1614737169e-08   -4.8304461151e-13
   2.4434610   5.2359878   -2.2594370851e-08    7.8798201129e-08
   2.4434610   5.7595865    1.0506296162e-07    1.1551689859e-07
   2.6179939   0.0000000    3.3057048229e-07   -2.9321421982e-11
   2.6179939   0.5235988    3.5532376061e-07   -4.7363517769e-07
   2.6179939   1.0471976   -3.6417928419e-07   -8.7378922716e-07
   2.6179939   1.5707963   -1.1434573223e-06    2.9110345652e-11
   2.6179939   2.0943951   -3.6406318185e-07    8.7385760215e-07
   2.6179939   2.6179939    3.5531473630e-07    4.7361072002e-07
   2.6179939   3.1415927    3.3057051870e-07    2.9331415304e-11
   2.6179939   3.6651914    1.1146696274e-07   -1.4855752045e-07
   2.6179939   4.1887902   -4.5078098690e-08   -1.0811939747e-07
   2.6179939   4.7123890   -9.7086786540e-08   -1.9557659013e-12
   2.6179939   5.2359878   -4.5089603424e-08    1.0811191382e-07
   2.6179939   5.7595865    1.1146955089e-07    1.4856436734e-07
   2.7925268   0.0000000    3.3048788427e-07   -1.3805482917e-10
   2.7925268   0.5235988    2.6744986828e-07   -4.1084660348e-07
   2.7925268   1.0471976   -2.9963937139e-07   -5.9167773652e-07
   2.7925268   1.5707963   -7.4400204910e-07    7.9962107494e-11
   2.7925268   2.0943951   -2.9989816771e-07    5.9139085313e-07
   2.7925268   2.6179939    2.6740463992e-07    4.1081335173e-07
   2.7925268   3.1415927    3.3048935527e-07    1.3658636953e-10
   2.7925268   3.6651914    1.2197119224e-07   -1.8742471732e-07
   2.7925268   4.1887902   -7.5198451382e-08   -1.4814693946e-07
   2.7925268   4.7123890   -1.4822679075e-07   -1.5168341008e-11
   2.7925268   5.2359878   -7.5138283356e-08    1.4821587597e-07
   2.7925268   5.7595865    1.2199179112e-07    1.8743927356e-07
   2.9670597   0.0000000    3.2904764754e-07   -1.4585374508e-09
   2.9670597   0.5235988    2.0886544210e-07   -3.4778673518e-07
   2.9670597   1.0471976   -2.3213478530e-07   -4.0511361782e-07
   2.9670597   1.5707963   -4.9155308460e-07    6.3544173268e-10
   2.9670597   2.0943951   -2.3264583303e-07    4.0682633020e-07
   2.9670597   2.6179939    2.0924605012e-07    3.4716071986e-07
   2.9670597   3.1415927    3.2932155678e-07    1.1343750212e-09
   2.9670597   3.6651914    1.4222254297e-07   -2.3260093749e-07
   2.9670597   4.1887902   -1.1748517938e-07   -2.0557511806e-07
   2.9670597   4.7123890   -2.2130795454e-07   -3.7674499501e-10
   2.9670597   5.2359878   -1.1719947615e-07    2.0445812829e-07
   2.9670597   5.7595865    1.4206565272e-07    2.3285355138e-07
   3.1415927   0.0000000   -1.4712869963e-07    2.1477513468e-07
   3.1415927   0.5235988   -1.4712869963e-07    2.1477513468e-07
   3.1415927   1.0471976   -1.4712869963e-07    2.1477513468e-07
   3.1415927   1.5707963   -1.4712869963e-07    2.1477513468e-07
   3.1415927   2.0943951   -1.4712869963e-07    2.1477513468e-07
   3.1415927   2.6179939   -1.4712869963e-07    2.1477513468e-07
   3.1415927   3.1415927   -1.4712869963e-07    2.1477513468e-07
   3.1415927   3.6651914   -1.4712869963e-07    2.1477513468e-07
   3.1415927   4.1887902   -1.4712869963e-07    2.1477513468e-07
   3.1415927   4.7123890   -1.4712869963e-07    2.1477513468e-07
   3.1415927   5.2359878   -1.4712869963e-07    2.1477513468e-07
   3.1415927   5.7595865   -1.4712869963e-07    2.1477513468e-07


