#       time                 x_1                 y_1                 z_1                 x_2                 y_2                 z_2
   0.0000000    2.5600000000e+02    2.7600000000e+02    2.5600000000e+02    2.5600000000e+02    2.3600000000e+02    2.5600000000e+02
   4.6875000    2.5599951035e+02    2.7598695255e+02    2.5599951124e+02    2.5599843276e+02    2.3601388083e+02    2.5599843476e+02
   4.6875000    2.5599951035e+02    2.7598695255e+02    2.5599951124e+02    2.5599843276e+02    2.3601388083e+02    2.5599843476e+02
   4.6875000    2.5599951035e+02    2.7598695255e+02    2.5599951124e+02    2.5599843276e+02    2.3601388083e+02    2.5599843476e+02
   4.6875000    2.5599951035e+02    2.7598695255e+02    2.5599951124e+02    2.5599843276e+02    2.3601388083e+02    2.5599843476e+02
   4.6875000    2.5599951035e+02    2.7598695255e+02    2.5599951124e+02    2.5599843276e+02    2.3601388083e+02    2.5599843476e+02
   4.6875000    2.5599951035e+02    2.7598695255e+02    2.5599951124e+02    2.5599843276e+02    2.3601388083e+02    2.5599843476e+02
   4.6875000    2.5599951035e+02    2.7598695255e+02    2.5599951124e+02    2.5599843276e+02    2.3601388083e+02    2.5599843476e+02
   4.6875000    2.5599951035e+02    2.7598695255e+02    2.5599951124e+02    2.5599843276e+02    2.3601388083e+02    2.5599843476e+02
   9.3750000    2.5599866220e+02    2.7595598848e+02    2.5599866565e+02    2.5599608493e+02    2.3604754160e+02    2.5599609111e+02
   9.3750000    2.5599866220e+02    2.7595598848e+02    2.5599866565e+02    2.5599608493e+02    2.3604754160e+02    2.5599609111e+02
   9.3750000    2.5599866220e+02    2.7595598848e+02    2.5599866565e+02    2.5599608493e+02    2.3604754160e+02    2.5599609111e+02
   9.3750000    2.5599866220e+02    2.7595598848e+02    2.5599866565e+02    2.5599608493e+02    2.3604754160e+02    2.5599609111e+02
   9.3750000    2.5599866220e+02    2.7595598848e+02    2.5599866565e+02    2.5599608493e+02    2.3604754160e+02    2.5599609111e+02
   9.3750000    2.5599866220e+02    2.7595598848e+02    2.5599866565e+02    2.5599608493e+02    2.3604754160e+02    2.5599609111e+02
   9.3750000    2.5599866220e+02    2.7595598848e+02    2.5599866565e+02    2.5599608493e+02    2.3604754160e+02    2.5599609111e+02
   9.3750000    2.5599866220e+02    2.7595598848e+02    2.5599866565e+02    2.5599608493e+02    2.3604754160e+02    2.5599609111e+02
  14.0625000    2.5599718569e+02    2.7593362953e+02    2.5599719194e+02    2.5599483807e+02    2.3606816631e+02    2.5599484730e+02
  14.0625000    2.5599718569e+02    2.7593362953e+02    2.5599719194e+02    2.5599483807e+02    2.3606816631e+02    2.5599484730e+02
  14.0625000    2.5599718569e+02    2.7593362953e+02    2.5599719194e+02    2.5599483807e+02    2.3606816631e+02    2.5599484730e+02
  14.0625000    2.5599718569e+02    2.7593362953e+02    2.5599719194e+02    2.5599483807e+02    2.3606816631e+02    2.5599484730e+02
  14.0625000    2.5599718569e+02    2.7593362953e+02    2.5599719194e+02    2.5599483807e+02    2.3606816631e+02    2.5599484730e+02
  14.0625000    2.5599718569e+02    2.7593362953e+02    2.5599719194e+02    2.5599483807e+02    2.3606816631e+02    2.5599484730e+02
  14.0625000    2.5599718569e+02    2.7593362953e+02    2.5599719194e+02    2.5599483807e+02    2.3606816631e+02    2.5599484730e+02
  14.0625000    2.5599718569e+02    2.7593362953e+02    2.5599719194e+02    2.5599483807e+02    2.3606816631e+02    2.5599484730e+02
  18.7500000    2.5599610265e+02    2.7591634791e+02    2.5599611096e+02    2.5599412041e+02    2.3608342576e+02    2.5599413178e+02
  18.7500000    2.5599610265e+02    2.7591634791e+02    2.5599611096e+02    2.5599412041e+02    2.3608342576e+02    2.5599413178e+02
  18.7500000    2.5599610265e+02    2.7591634791e+02    2.5599611096e+02    2.5599412041e+02    2.3608342576e+02    2.5599413178e+02
  18.7500000    2.5599610265e+02    2.7591634791e+02    2.5599611096e+02    2.5599412041e+02    2.3608342576e+02    2.5599413178e+02
  18.7500000    2.5599610265e+02    2.7591634791e+02    2.5599611096e+02    2.5599412041e+02    2.3608342576e+02    2.5599413178e+02
  18.7500000    2.5599610265e+02    2.7591634791e+02    2.5599611096e+02    2.5599412041e+02    2.3608342576e+02    2.5599413178e+02
  18.7500000    2.5599610265e+02    2.7591634791e+02    2.5599611096e+02    2.5599412041e+02    2.3608342576e+02    2.5599413178e+02
  18.7500000    2.5599610265e+02    2.7591634791e+02    2.5599611096e+02    2.5599412041e+02    2.3608342576e+02    2.5599413178e+02
  23.4375000    2.5599552716e+02    2.7590097570e+02    2.5599553654e+02    2.5599364985e+02    2.3609765894e+02    2.5599366253e+02
  23.4375000    2.5599552716e+02    2.7590097570e+02    2.5599553654e+02    2.5599364985e+02    2.3609765894e+02    2.5599366253e+02
  23.4375000    2.5599552716e+02    2.7590097570e+02    2.5599553654e+02    2.5599364985e+02    2.3609765894e+02    2.5599366253e+02
  23.4375000    2.5599552716e+02    2.7590097570e+02    2.5599553654e+02    2.5599364985e+02    2.3609765894e+02    2.5599366253e+02
  23.4375000    2.5599552716e+02    2.7590097570e+02    2.5599553654e+02    2.5599364985e+02    2.3609765894e+02    2.5599366253e+02
  23.4375000    2.5599552716e+02    2.7590097570e+02    2.5599553654e+02    2.5599364985e+02    2.3609765894e+02    2.5599366253e+02
  23.4375000    2.5599552716e+02    2.7590097570e+02    2.5599553654e+02    2.5599364985e+02    2.3609765894e+02    2.5599366253e+02
  23.4375000    2.5599552716e+02    2.7590097570e+02    2.5599553654e+02    2.5599364985e+02    2.3609765894e+02    2.5599366253e+02
  28.1250000    2.5599527010e+02    2.7588752444e+02    2.5599527987e+02    2.5599343920e+02    2.3611078791e+02    2.5599345246e+02
  28.1250000    2.5599527010e+02    2.7588752444e+02    2.5599527987e+02    2.5599343920e+02    2.3611078791e+02    2.5599345246e+02
  28.1250000    2.5599527010e+02    2.7588752444e+02    2.5599527987e+02    2.5599343920e+02    2.3611078791e+02    2.5599345246e+02
  28.1250000    2.5599527010e+02    2.7588752444e+02    2.5599527987e+02    2.5599343920e+02    2.3611078791e+02    2.5599345246e+02
  28.1250000    2.5599527010e+02    2.7588752444e+02    2.5599527987e+02    2.5599343920e+02    2.3611078791e+02    2.5599345246e+02
  28.1250000    2.5599527010e+02    2.7588752444e+02    2.5599527987e+02    2.5599343920e+02    2.3611078791e+02    2.5599345246e+02
  28.1250000    2.5599527010e+02    2.7588752444e+02    2.5599527987e+02    2.5599343920e+02    2.3611078791e+02    2.5599345246e+02
  28.1250000    2.5599527010e+02    2.7588752444e+02    2.5599527987e+02    2.5599343920e+02    2.3611078791e+02    2.5599345246e+02
  32.8125000    2.5599518004e+02    2.7587539444e+02    2.5599518998e+02    2.5599338013e+02    2.3612325086e+02    2.5599339368e+02
  32.8125000    2.5599518004e+02    2.7587539444e+02    2.5599518998e+02    2.5599338013e+02    2.3612325086e+02    2.5599339368e+02
  32.8125000    2.5599518004e+02    2.7587539444e+02    2.5599518998e+02    2.5599338013e+02    2.3612325086e+02    2.5599339368e+02
  32.8125000    2.5599518004e+02    2.7587539444e+02    2.5599518998e+02    2.5599338013e+02    2.3612325086e+02    2.5599339368e+02
  32.8125000    2.5599518004e+02    2.7587539444e+02    2.5599518998e+02    2.5599338013e+02    2.3612325086e+02    2.5599339368e+02
  32.8125000    2.5599518004e+02    2.7587539444e+02    2.5599518998e+02    2.5599338013e+02    2.3612325086e+02    2.5599339368e+02
  32.8125000    2.5599518004e+02    2.7587539444e+02    2.5599518998e+02    2.5599338013e+02    2.3612325086e+02    2.5599339368e+02
  32.8125000    2.5599518004e+02    2.7587539444e+02    2.5599518998e+02    2.5599338013e+02    2.3612325086e+02    2.5599339368e+02
  37.5000000    2.5599517879e+02    2.7586404639e+02    2.5599518892e+02    2.5599337587e+02    2.3613534582e+02    2.5599338969e+02
  37.5000000    2.5599517879e+02    2.7586404639e+02    2.5599518892e+02    2.5599337587e+02    2.3613534582e+02    2.5599338969e+02
  37.5000000    2.5599517879e+02    2.7586404639e+02    2.5599518892e+02    2.5599337587e+02    2.3613534582e+02    2.5599338969e+02
  37.5000000    2.5599517879e+02    2.7586404639e+02    2.5599518892e+02    2.5599337587e+02    2.3613534582e+02    2.5599338969e+02
  37.5000000    2.5599517879e+02    2.7586404639e+02    2.5599518892e+02    2.5599337587e+02    2.3613534582e+02    2.5599338969e+02
  37.5000000    2.5599517879e+02    2.7586404639e+02    2.5599518892e+02    2.5599337587e+02    2.3613534582e+02    2.5599338969e+02
  37.5000000    2.5599517879e+02    2.7586404639e+02    2.5599518892e+02    2.5599337587e+02    2.3613534582e+02    2.5599338969e+02
  37.5000000    2.5599517879e+02    2.7586404639e+02    2.5599518892e+02    2.5599337587e+02    2.3613534582e+02    2.5599338969e+02
  42.1875000    2.5599523951e+02    2.7585330140e+02    2.5599524980e+02    2.5599339586e+02    2.3614700999e+02    2.5599340991e+02
  42.1875000    2.5599523951e+02    2.7585330140e+02    2.5599524980e+02    2.5599339586e+02    2.3614700999e+02    2.5599340991e+02
  42.1875000    2.5599523951e+02    2.7585330140e+02    2.5599524980e+02    2.5599339586e+02    2.3614700999e+02    2.5599340991e+02
  42.1875000    2.5599523951e+02    2.7585330140e+02    2.5599524980e+02    2.5599339586e+02    2.3614700999e+02    2.5599340991e+02
  42.1875000    2.5599523951e+02    2.7585330140e+02    2.5599524980e+02    2.5599339586e+02    2.3614700999e+02    2.5599340991e+02
  42.1875000    2.5599523951e+02    2.7585330140e+02    2.5599524980e+02    2.5599339586e+02    2.3614700999e+02    2.5599340991e+02
  42.1875000    2.5599523951e+02    2.7585330140e+02    2.5599524980e+02    2.5599339586e+02    2.3614700999e+02    2.5599340991e+02
  42.1875000    2.5599523951e+02    2.7585330140e+02    2.5599524980e+02    2.5599339586e+02    2.3614700999e+02    2.5599340991e+02
