#       time         integral Re         integral Im
#       r =            80.000000           80.000000
   0.0000000    3.9095769184e-05    6.3745007449e-10
   1.1718750    3.9488614111e-05    1.4449667149e-09
   2.3437500    3.9893326708e-05    4.6362884282e-10
   2.3437500    3.9893326708e-05    4.6362884282e-10
   2.3437500    3.9893326708e-05    4.6362884282e-10
   2.3437500    3.9893326708e-05    4.6362884282e-10
   2.3437500    3.9893326708e-05    4.6362884282e-10
   2.3437500    3.9893326708e-05    4.6362884282e-10
   2.3437500    3.9893326708e-05    4.6362884282e-10
   2.3437500    3.9893326708e-05    4.6362884282e-10
   3.5156250    4.0317252561e-05   -3.4276509362e-10
   3.5156250    4.0317252561e-05   -3.4276509362e-10
   3.5156250    4.0317252561e-05   -3.4276509362e-10
   3.5156250    4.0317252561e-05   -3.4276509362e-10
   3.5156250    4.0317252561e-05   -3.4276509362e-10
   3.5156250    4.0317252561e-05   -3.4276509362e-10
   3.5156250    4.0317252561e-05   -3.4276509362e-10
   3.5156250    4.0317252561e-05   -3.4276509362e-10
   4.6875000    4.0747168918e-05   -2.2549725170e-09
   4.6875000    4.0747168918e-05   -2.2549725170e-09
   4.6875000    4.0747168918e-05   -2.2549725170e-09
   4.6875000    4.0747168918e-05   -2.2549725170e-09
   4.6875000    4.0747168918e-05   -2.2549725170e-09
   4.6875000    4.0747168918e-05   -2.2549725170e-09
   4.6875000    4.0747168918e-05   -2.2549725170e-09
   4.6875000    4.0747168918e-05   -2.2549725170e-09
   5.8593750    4.1454351381e-05   -3.2466502626e-08
   5.8593750    4.1454351381e-05   -3.2466502626e-08
   5.8593750    4.1454351381e-05   -3.2466502626e-08
   5.8593750    4.1454351381e-05   -3.2466502626e-08
   5.8593750    4.1454351381e-05   -3.2466502626e-08
   5.8593750    4.1454351381e-05   -3.2466502626e-08
   5.8593750    4.1454351381e-05   -3.2466502626e-08
   5.8593750    4.1454351381e-05   -3.2466502626e-08
   7.0312500    4.1998941635e-05   -7.2148604107e-08
   7.0312500    4.1998941635e-05   -7.2148604107e-08
   7.0312500    4.1998941635e-05   -7.2148604107e-08
   7.0312500    4.1998941635e-05   -7.2148604107e-08
   7.0312500    4.1998941635e-05   -7.2148604107e-08
   7.0312500    4.1998941635e-05   -7.2148604107e-08
   7.0312500    4.1998941635e-05   -7.2148604107e-08
   7.0312500    4.1998941635e-05   -7.2148604107e-08
   8.2031250    4.2705464953e-05   -2.3051282683e-08
   8.2031250    4.2705464953e-05   -2.3051282683e-08
   8.2031250    4.2705464953e-05   -2.3051282683e-08
   8.2031250    4.2705464953e-05   -2.3051282683e-08
   8.2031250    4.2705464953e-05   -2.3051282683e-08
   8.2031250    4.2705464953e-05   -2.3051282683e-08
   8.2031250    4.2705464953e-05   -2.3051282683e-08
   8.2031250    4.2705464953e-05   -2.3051282683e-08
   9.3750000    4.2712710739e-05    7.6223089339e-08
   9.3750000    4.2712710739e-05    7.6223089339e-08
   9.3750000    4.2712710739e-05    7.6223089339e-08
   9.3750000    4.2712710739e-05    7.6223089339e-08
   9.3750000    4.2712710739e-05    7.6223089339e-08
   9.3750000    4.2712710739e-05    7.6223089339e-08
   9.3750000    4.2712710739e-05    7.6223089339e-08
   9.3750000    4.2712710739e-05    7.6223089339e-08
  10.5468750    4.1043105564e-05    1.5309243347e-07
  10.5468750    4.1043105564e-05    1.5309243347e-07
  10.5468750    4.1043105564e-05    1.5309243347e-07
  10.5468750    4.1043105564e-05    1.5309243347e-07
  10.5468750    4.1043105564e-05    1.5309243347e-07
  10.5468750    4.1043105564e-05    1.5309243347e-07
  10.5468750    4.1043105564e-05    1.5309243347e-07
  10.5468750    4.1043105564e-05    1.5309243347e-07
  11.7187500    3.8517216118e-05    1.4928793880e-07
  11.7187500    3.8517216118e-05    1.4928793880e-07
  11.7187500    3.8517216118e-05    1.4928793880e-07
  11.7187500    3.8517216118e-05    1.4928793880e-07
  11.7187500    3.8517216118e-05    1.4928793880e-07
  11.7187500    3.8517216118e-05    1.4928793880e-07
  11.7187500    3.8517216118e-05    1.4928793880e-07
  11.7187500    3.8517216118e-05    1.4928793880e-07
  12.8906250    3.8218164231e-05    4.8824061519e-08
  12.8906250    3.8218164231e-05    4.8824061519e-08
  12.8906250    3.8218164231e-05    4.8824061519e-08
  12.8906250    3.8218164231e-05    4.8824061519e-08
  12.8906250    3.8218164231e-05    4.8824061519e-08
  12.8906250    3.8218164231e-05    4.8824061519e-08
  12.8906250    3.8218164231e-05    4.8824061519e-08
  12.8906250    3.8218164231e-05    4.8824061519e-08
  14.0625000    4.3105065856e-05   -1.0833945431e-07
  14.0625000    4.3105065856e-05   -1.0833945431e-07
  14.0625000    4.3105065856e-05   -1.0833945431e-07
  14.0625000    4.3105065856e-05   -1.0833945431e-07
  14.0625000    4.3105065856e-05   -1.0833945431e-07
  14.0625000    4.3105065856e-05   -1.0833945431e-07
  14.0625000    4.3105065856e-05   -1.0833945431e-07
  14.0625000    4.3105065856e-05   -1.0833945431e-07
  15.2343750    5.2662351659e-05   -2.4550345082e-07
  15.2343750    5.2662351659e-05   -2.4550345082e-07
  15.2343750    5.2662351659e-05   -2.4550345082e-07
  15.2343750    5.2662351659e-05   -2.4550345082e-07
  15.2343750    5.2662351659e-05   -2.4550345082e-07
  15.2343750    5.2662351659e-05   -2.4550345082e-07
  15.2343750    5.2662351659e-05   -2.4550345082e-07
  15.2343750    5.2662351659e-05   -2.4550345082e-07
  16.4062500    6.1967861754e-05   -2.9693023891e-07
  16.4062500    6.1967861754e-05   -2.9693023891e-07
  16.4062500    6.1967861754e-05   -2.9693023891e-07
  16.4062500    6.1967861754e-05   -2.9693023891e-07
  16.4062500    6.1967861754e-05   -2.9693023891e-07
  16.4062500    6.1967861754e-05   -2.9693023891e-07
  16.4062500    6.1967861754e-05   -2.9693023891e-07
  16.4062500    6.1967861754e-05   -2.9693023891e-07
  17.5781250    6.4610370543e-05   -2.4817866815e-07
  17.5781250    6.4610370543e-05   -2.4817866815e-07
  17.5781250    6.4610370543e-05   -2.4817866815e-07
  17.5781250    6.4610370543e-05   -2.4817866815e-07
  17.5781250    6.4610370543e-05   -2.4817866815e-07
  17.5781250    6.4610370543e-05   -2.4817866815e-07
  17.5781250    6.4610370543e-05   -2.4817866815e-07
  17.5781250    6.4610370543e-05   -2.4817866815e-07
  18.7500000    5.7423079058e-05   -1.3658934183e-07
  18.7500000    5.7423079058e-05   -1.3658934183e-07
  18.7500000    5.7423079058e-05   -1.3658934183e-07
  18.7500000    5.7423079058e-05   -1.3658934183e-07
  18.7500000    5.7423079058e-05   -1.3658934183e-07
  18.7500000    5.7423079058e-05   -1.3658934183e-07
  18.7500000    5.7423079058e-05   -1.3658934183e-07
  18.7500000    5.7423079058e-05   -1.3658934183e-07
  19.9218750    4.3247500924e-05   -1.6460518636e-08
  19.9218750    4.3247500924e-05   -1.6460518636e-08
  19.9218750    4.3247500924e-05   -1.6460518636e-08
  19.9218750    4.3247500924e-05   -1.6460518636e-08
  19.9218750    4.3247500924e-05   -1.6460518636e-08
  19.9218750    4.3247500924e-05   -1.6460518636e-08
  19.9218750    4.3247500924e-05   -1.6460518636e-08
  19.9218750    4.3247500924e-05   -1.6460518636e-08
  21.0937500    2.9438952825e-05    7.8015607440e-08
  21.0937500    2.9438952825e-05    7.8015607440e-08
  21.0937500    2.9438952825e-05    7.8015607440e-08
  21.0937500    2.9438952825e-05    7.8015607440e-08
  21.0937500    2.9438952825e-05    7.8015607440e-08
  21.0937500    2.9438952825e-05    7.8015607440e-08
  21.0937500    2.9438952825e-05    7.8015607440e-08
  21.0937500    2.9438952825e-05    7.8015607440e-08
  22.2656250    2.3235215089e-05    1.4361877933e-07
  22.2656250    2.3235215089e-05    1.4361877933e-07
  22.2656250    2.3235215089e-05    1.4361877933e-07
  22.2656250    2.3235215089e-05    1.4361877933e-07
  22.2656250    2.3235215089e-05    1.4361877933e-07
  22.2656250    2.3235215089e-05    1.4361877933e-07
  22.2656250    2.3235215089e-05    1.4361877933e-07
  22.2656250    2.3235215089e-05    1.4361877933e-07
  23.4375000    2.7428519178e-05    1.9227441497e-07
  23.4375000    2.7428519178e-05    1.9227441497e-07
  23.4375000    2.7428519178e-05    1.9227441497e-07
  23.4375000    2.7428519178e-05    1.9227441497e-07
  23.4375000    2.7428519178e-05    1.9227441497e-07
  23.4375000    2.7428519178e-05    1.9227441497e-07
  23.4375000    2.7428519178e-05    1.9227441497e-07
  23.4375000    2.7428519178e-05    1.9227441497e-07
  24.6093750    3.9210116744e-05    2.2927303900e-07
  24.6093750    3.9210116744e-05    2.2927303900e-07
  24.6093750    3.9210116744e-05    2.2927303900e-07
  24.6093750    3.9210116744e-05    2.2927303900e-07
  24.6093750    3.9210116744e-05    2.2927303900e-07
  24.6093750    3.9210116744e-05    2.2927303900e-07
  24.6093750    3.9210116744e-05    2.2927303900e-07
  24.6093750    3.9210116744e-05    2.2927303900e-07
  25.7812500    5.2494494152e-05    2.4442995821e-07
  25.7812500    5.2494494152e-05    2.4442995821e-07
  25.7812500    5.2494494152e-05    2.4442995821e-07
  25.7812500    5.2494494152e-05    2.4442995821e-07
  25.7812500    5.2494494152e-05    2.4442995821e-07
  25.7812500    5.2494494152e-05    2.4442995821e-07
  25.7812500    5.2494494152e-05    2.4442995821e-07
  25.7812500    5.2494494152e-05    2.4442995821e-07
  26.9531250    6.1712456133e-05    2.2076905307e-07
  26.9531250    6.1712456133e-05    2.2076905307e-07
  26.9531250    6.1712456133e-05    2.2076905307e-07
  26.9531250    6.1712456133e-05    2.2076905307e-07
  26.9531250    6.1712456133e-05    2.2076905307e-07
  26.9531250    6.1712456133e-05    2.2076905307e-07
  26.9531250    6.1712456133e-05    2.2076905307e-07
  26.9531250    6.1712456133e-05    2.2076905307e-07
  28.1250000    6.4540493038e-05    1.5088806015e-07
  28.1250000    6.4540493038e-05    1.5088806015e-07
  28.1250000    6.4540493038e-05    1.5088806015e-07
  28.1250000    6.4540493038e-05    1.5088806015e-07
  28.1250000    6.4540493038e-05    1.5088806015e-07
  28.1250000    6.4540493038e-05    1.5088806015e-07
  28.1250000    6.4540493038e-05    1.5088806015e-07
  28.1250000    6.4540493038e-05    1.5088806015e-07
  29.2968750    6.2233280295e-05    4.7379658837e-08
  29.2968750    6.2233280295e-05    4.7379658837e-08
  29.2968750    6.2233280295e-05    4.7379658837e-08
  29.2968750    6.2233280295e-05    4.7379658837e-08
  29.2968750    6.2233280295e-05    4.7379658837e-08
  29.2968750    6.2233280295e-05    4.7379658837e-08
  29.2968750    6.2233280295e-05    4.7379658837e-08
  29.2968750    6.2233280295e-05    4.7379658837e-08
  30.4687500    5.7998080774e-05   -6.0149283265e-08
  30.4687500    5.7998080774e-05   -6.0149283265e-08
  30.4687500    5.7998080774e-05   -6.0149283265e-08
  30.4687500    5.7998080774e-05   -6.0149283265e-08
  30.4687500    5.7998080774e-05   -6.0149283265e-08
  30.4687500    5.7998080774e-05   -6.0149283265e-08
  30.4687500    5.7998080774e-05   -6.0149283265e-08
  30.4687500    5.7998080774e-05   -6.0149283265e-08
  31.6406250    5.4886923668e-05   -1.3918698188e-07
  31.6406250    5.4886923668e-05   -1.3918698188e-07
  31.6406250    5.4886923668e-05   -1.3918698188e-07
  31.6406250    5.4886923668e-05   -1.3918698188e-07
  31.6406250    5.4886923668e-05   -1.3918698188e-07
  31.6406250    5.4886923668e-05   -1.3918698188e-07
  31.6406250    5.4886923668e-05   -1.3918698188e-07
  31.6406250    5.4886923668e-05   -1.3918698188e-07
  32.8125000    5.4509284769e-05   -1.7044678886e-07
  32.8125000    5.4509284769e-05   -1.7044678886e-07
  32.8125000    5.4509284769e-05   -1.7044678886e-07
  32.8125000    5.4509284769e-05   -1.7044678886e-07
  32.8125000    5.4509284769e-05   -1.7044678886e-07
  32.8125000    5.4509284769e-05   -1.7044678886e-07
  32.8125000    5.4509284769e-05   -1.7044678886e-07
  32.8125000    5.4509284769e-05   -1.7044678886e-07
  33.9843750    5.6929944603e-05   -1.5660169191e-07
  33.9843750    5.6929944603e-05   -1.5660169191e-07
  33.9843750    5.6929944603e-05   -1.5660169191e-07
  33.9843750    5.6929944603e-05   -1.5660169191e-07
  33.9843750    5.6929944603e-05   -1.5660169191e-07
  33.9843750    5.6929944603e-05   -1.5660169191e-07
  33.9843750    5.6929944603e-05   -1.5660169191e-07
  33.9843750    5.6929944603e-05   -1.5660169191e-07
  35.1562500    6.1301206917e-05   -1.1910673255e-07
  35.1562500    6.1301206917e-05   -1.1910673255e-07
  35.1562500    6.1301206917e-05   -1.1910673255e-07
  35.1562500    6.1301206917e-05   -1.1910673255e-07
  35.1562500    6.1301206917e-05   -1.1910673255e-07
  35.1562500    6.1301206917e-05   -1.1910673255e-07
  35.1562500    6.1301206917e-05   -1.1910673255e-07
  35.1562500    6.1301206917e-05   -1.1910673255e-07
  36.3281250    6.6583839792e-05   -8.5176901804e-08
  36.3281250    6.6583839792e-05   -8.5176901804e-08
  36.3281250    6.6583839792e-05   -8.5176901804e-08
  36.3281250    6.6583839792e-05   -8.5176901804e-08
  36.3281250    6.6583839792e-05   -8.5176901804e-08
  36.3281250    6.6583839792e-05   -8.5176901804e-08
  36.3281250    6.6583839792e-05   -8.5176901804e-08
  36.3281250    6.6583839792e-05   -8.5176901804e-08
  37.5000000    7.1979060486e-05   -7.2322905857e-08
  37.5000000    7.1979060486e-05   -7.2322905857e-08
  37.5000000    7.1979060486e-05   -7.2322905857e-08
  37.5000000    7.1979060486e-05   -7.2322905857e-08
  37.5000000    7.1979060486e-05   -7.2322905857e-08
  37.5000000    7.1979060486e-05   -7.2322905857e-08
  37.5000000    7.1979060486e-05   -7.2322905857e-08
  37.5000000    7.1979060486e-05   -7.2322905857e-08
  38.6718750    7.7024302905e-05   -7.9400903996e-08
  38.6718750    7.7024302905e-05   -7.9400903996e-08
  38.6718750    7.7024302905e-05   -7.9400903996e-08
  38.6718750    7.7024302905e-05   -7.9400903996e-08
  38.6718750    7.7024302905e-05   -7.9400903996e-08
  38.6718750    7.7024302905e-05   -7.9400903996e-08
  38.6718750    7.7024302905e-05   -7.9400903996e-08
  38.6718750    7.7024302905e-05   -7.9400903996e-08
  39.8437500    8.1478786273e-05   -8.9504014429e-08
  39.8437500    8.1478786273e-05   -8.9504014429e-08
  39.8437500    8.1478786273e-05   -8.9504014429e-08
  39.8437500    8.1478786273e-05   -8.9504014429e-08
  39.8437500    8.1478786273e-05   -8.9504014429e-08
  39.8437500    8.1478786273e-05   -8.9504014429e-08
  39.8437500    8.1478786273e-05   -8.9504014429e-08
  39.8437500    8.1478786273e-05   -8.9504014429e-08
  41.0156250    8.5158220068e-05   -8.2840911377e-08
  41.0156250    8.5158220068e-05   -8.2840911377e-08
  41.0156250    8.5158220068e-05   -8.2840911377e-08
  41.0156250    8.5158220068e-05   -8.2840911377e-08
  41.0156250    8.5158220068e-05   -8.2840911377e-08
  41.0156250    8.5158220068e-05   -8.2840911377e-08
  41.0156250    8.5158220068e-05   -8.2840911377e-08
  41.0156250    8.5158220068e-05   -8.2840911377e-08
  42.1875000    8.7839638934e-05   -5.1072495099e-08
  42.1875000    8.7839638934e-05   -5.1072495099e-08
  42.1875000    8.7839638934e-05   -5.1072495099e-08
  42.1875000    8.7839638934e-05   -5.1072495099e-08
  42.1875000    8.7839638934e-05   -5.1072495099e-08
  42.1875000    8.7839638934e-05   -5.1072495099e-08
  42.1875000    8.7839638934e-05   -5.1072495099e-08
  42.1875000    8.7839638934e-05   -5.1072495099e-08
  43.3593750    8.9294793200e-05   -3.4131724313e-09
  43.3593750    8.9294793200e-05   -3.4131724313e-09
  43.3593750    8.9294793200e-05   -3.4131724313e-09
  43.3593750    8.9294793200e-05   -3.4131724313e-09
  43.3593750    8.9294793200e-05   -3.4131724313e-09
  43.3593750    8.9294793200e-05   -3.4131724313e-09
  43.3593750    8.9294793200e-05   -3.4131724313e-09
  43.3593750    8.9294793200e-05   -3.4131724313e-09
  44.5312500    8.9428420147e-05    3.9061698407e-08
  44.5312500    8.9428420147e-05    3.9061698407e-08
  44.5312500    8.9428420147e-05    3.9061698407e-08
  44.5312500    8.9428420147e-05    3.9061698407e-08
  44.5312500    8.9428420147e-05    3.9061698407e-08
  44.5312500    8.9428420147e-05    3.9061698407e-08
  44.5312500    8.9428420147e-05    3.9061698407e-08
  44.5312500    8.9428420147e-05    3.9061698407e-08
  45.7031250    8.8414120783e-05    5.6090118919e-08
  45.7031250    8.8414120783e-05    5.6090118919e-08
  45.7031250    8.8414120783e-05    5.6090118919e-08
  45.7031250    8.8414120783e-05    5.6090118919e-08
  45.7031250    8.8414120783e-05    5.6090118919e-08
  45.7031250    8.8414120783e-05    5.6090118919e-08
  45.7031250    8.8414120783e-05    5.6090118919e-08
  45.7031250    8.8414120783e-05    5.6090118919e-08
  46.8750000    8.6698875830e-05    3.9069909329e-08
  46.8750000    8.6698875830e-05    3.9069909329e-08
  46.8750000    8.6698875830e-05    3.9069909329e-08
  46.8750000    8.6698875830e-05    3.9069909329e-08
  46.8750000    8.6698875830e-05    3.9069909329e-08
  46.8750000    8.6698875830e-05    3.9069909329e-08
  46.8750000    8.6698875830e-05    3.9069909329e-08
  46.8750000    8.6698875830e-05    3.9069909329e-08
  48.0468750    8.4827279633e-05   -6.0439458831e-09
  48.0468750    8.4827279633e-05   -6.0439458831e-09
  48.0468750    8.4827279633e-05   -6.0439458831e-09
  48.0468750    8.4827279633e-05   -6.0439458831e-09
  48.0468750    8.4827279633e-05   -6.0439458831e-09
  48.0468750    8.4827279633e-05   -6.0439458831e-09
  48.0468750    8.4827279633e-05   -6.0439458831e-09
  48.0468750    8.4827279633e-05   -6.0439458831e-09
  49.2187500    8.3173705467e-05   -6.3890866437e-08
  49.2187500    8.3173705467e-05   -6.3890866437e-08
  49.2187500    8.3173705467e-05   -6.3890866437e-08
  49.2187500    8.3173705467e-05   -6.3890866437e-08
  49.2187500    8.3173705467e-05   -6.3890866437e-08
  49.2187500    8.3173705467e-05   -6.3890866437e-08
  49.2187500    8.3173705467e-05   -6.3890866437e-08
  49.2187500    8.3173705467e-05   -6.3890866437e-08
  50.3906250    8.1755710053e-05   -1.1837928005e-07
  50.3906250    8.1755710053e-05   -1.1837928005e-07
  50.3906250    8.1755710053e-05   -1.1837928005e-07
  50.3906250    8.1755710053e-05   -1.1837928005e-07
  50.3906250    8.1755710053e-05   -1.1837928005e-07
  50.3906250    8.1755710053e-05   -1.1837928005e-07
  50.3906250    8.1755710053e-05   -1.1837928005e-07
  50.3906250    8.1755710053e-05   -1.1837928005e-07
  51.5625000    8.0261651945e-05   -1.5956110906e-07
  51.5625000    8.0261651945e-05   -1.5956110906e-07
  51.5625000    8.0261651945e-05   -1.5956110906e-07
  51.5625000    8.0261651945e-05   -1.5956110906e-07
  51.5625000    8.0261651945e-05   -1.5956110906e-07
  51.5625000    8.0261651945e-05   -1.5956110906e-07
  51.5625000    8.0261651945e-05   -1.5956110906e-07
  51.5625000    8.0261651945e-05   -1.5956110906e-07
